13-Al-27(n,elastic) ENDF/B-VII.1
1.0E-5,15.8627
1.31241E-5,13.8614
1.77557E-5,11.9361
2.31179E-5,10.4797
3.03402E-5,9.17026
3.9503E-5,8.06161
5.18442E-5,7.06627
6.75013E-5,6.22521
8.85894E-5,5.47201
1.15344E-4,4.83764
1.51378E-4,4.27193
1.97095E-4,3.79804
2.58669E-4,3.37836
3.36788E-4,3.02989
4.42004E-4,2.72469
6.31753E-4,2.39633
9.02959E-4,2.13899
0.00129059,1.94147
0.00200891,1.76432
0.00315204,1.64309
0.00586576,1.54245
0.0131545,1.47741
0.0248899,1.45272
0.0253,1.45227
0.308296,1.42727
3367.95,1.26541
5177.92,1.21145
5541.3,1.24131
5666.75,1.31562
5718.66,1.40288
5757.6,1.54009
5783.55,1.71514
5801.72,1.92454
5816.86,2.20861
5828.97,2.56913
5838.49,3.00142
5846.28,3.52025
5852.77,4.13982
5859.25,5.03854
5864.93,6.19976
5869.53,7.56319
5873.31,9.13882
5876.99,11.2807
5880.02,13.7362
5882.83,16.8635
5885.48,20.9181
5887.91,26.0206
5890.35,32.9879
5892.78,42.4301
5895.48,56.2894
5901.04,89.6353
5903.29,97.9139
5904.68,99.4369
5906.93,95.4886
5909.35,84.0588
5914.68,51.9115
5917.38,39.1663
5919.82,30.6355
5922.31,24.2453
5924.9,19.4094
5927.6,15.7533
5930.63,12.7881
5934.09,10.3651
5937.88,8.48009
5941.66,7.11576
5946.53,5.85605
5951.83,4.89046
5958.43,4.05408
5966.75,3.34934
5975.41,2.859
5986.0,2.45534
6001.15,2.09054
6016.29,1.86246
6037.05,1.66707
6064.74,1.51287
6103.67,1.39365
6181.54,1.28551
6337.27,1.21222
6899.64,1.15295
22851.6,0.561485
24214.6,0.529466
24271.0,0.537554
24280.2,0.556003
24284.0,0.590902
24286.4,0.648317
24288.3,0.736128
24289.8,0.840644
24291.4,1.0071
24293.0,1.24138
24294.7,1.59734
24297.1,2.21169
24301.6,3.54151
24304.0,4.06444
24306.1,4.21636
24308.3,4.04931
24310.4,3.62276
24316.4,1.87951
24318.4,1.42079
24320.1,1.14446
24321.7,0.943079
24323.1,0.82063
24324.9,0.712325
24327.2,0.636356
24330.0,0.593032
24335.6,0.56321
24346.7,0.54708
24409.0,0.532642
25111.7,0.524
26116.8,0.540113
26954.4,0.585584
27708.2,0.667823
28294.5,0.77287
28797.0,0.906109
29299.5,1.09607
29802.1,1.36724
30220.9,1.68359
30639.7,2.1102
31016.6,2.63476
31393.5,3.33937
31770.4,4.29338
32105.4,5.43747
32440.4,6.96239
32775.5,8.99908
33110.5,11.7034
33453.9,15.3033
33922.9,21.6358
34526.0,30.1878
34854.3,33.0057
35062.0,33.5649
35430.6,32.2812
36033.6,26.62
36753.9,19.639
37340.2,15.4113
37926.5,12.4067
38512.8,10.2431
39182.9,8.47767
40020.4,6.94022
41025.5,5.69068
42198.1,4.71091
43538.2,3.95289
45213.4,3.31211
46887.3,2.86807
49071.5,2.45821
52353.5,2.04439
56182.6,1.73071
60558.6,1.50474
64387.6,1.41202
65481.6,1.40726
68216.6,1.45538
70404.6,1.58344
72319.1,1.80176
73960.1,2.1098
75327.7,2.4926
76695.2,3.05449
77925.9,3.76747
79019.9,4.63832
80113.9,5.80929
81235.3,7.4027
82438.7,9.67342
84189.1,13.9176
85884.8,17.975
87033.5,19.4934
87580.5,19.6682
88783.9,18.8772
90698.4,16.067
90753.1,16.0473
90917.2,16.3084
91026.6,17.1938
91081.3,18.3078
91128.5,20.0892
91183.3,23.6219
91226.3,26.5973
91249.5,27.1778
91276.8,26.3781
91362.2,20.2548
91410.2,18.0674
91486.1,16.2461
91612.4,14.9391
91915.7,13.7486
93068.0,11.6007
94887.5,9.17691
96808.1,7.32651
98930.9,5.86492
99672.9,5.45972
99702.0,5.56069
99731.1,6.26132
99732.3,6.26372
99746.5,5.97068
99762.6,5.56383
99790.4,5.42406
101656.0,4.57401
103780.0,3.84202
103804.0,3.89914
103816.0,4.11095
103835.0,4.66217
103838.0,4.68135
103848.0,4.51002
103861.0,4.10719
103876.0,3.8816
104000.0,3.78411
106766.0,3.10318
109583.0,2.62444
111978.0,2.3919
112964.0,2.36502
114372.0,2.45301
115359.0,2.67403
116133.0,3.02614
116767.0,3.52227
117260.0,4.13042
117683.0,4.89214
118105.0,5.98696
118458.0,7.247
118880.0,9.28711
119613.0,13.5239
119895.0,14.4828
120030.0,14.6066
120317.0,14.059
120712.0,11.9879
121303.0,8.36029
121698.0,6.48278
122050.0,5.23289
122402.0,4.29152
122825.0,3.47001
123292.0,2.82619
123877.0,2.28032
124344.0,1.96507
124928.0,1.68142
125630.0,1.44159
126331.0,1.2953
127032.0,1.18939
128201.0,1.1257
128434.0,1.12358
129486.0,1.17922
130070.0,1.24036
131005.0,1.39689
131940.0,1.62993
132875.0,1.94996
133950.0,2.43076
135072.0,3.10153
136381.0,4.11045
138158.0,5.84329
141804.0,9.79849
143674.0,11.1664
145917.0,12.0277
146023.0,12.4285
146090.0,13.2896
146129.0,14.6419
146169.0,17.2819
146196.0,18.9494
146208.0,19.154
146231.0,18.3623
146276.0,15.1912
146314.0,13.658
146372.0,12.6829
146498.0,12.0749
147247.0,11.6843
153504.0,9.91423
154104.0,9.87886
155390.0,10.2005
156247.0,11.0254
156933.0,12.3933
157635.0,14.7097
158390.0,17.3611
158746.0,17.7937
159178.0,17.1916
160618.0,12.2219
161390.0,10.4164
162333.0,9.0199
163704.0,7.81925
165761.0,6.78851
168692.0,5.90692
173720.0,4.94969
180760.0,4.05634
187800.0,3.44776
191823.0,3.29127
192158.0,3.28981
194505.0,3.38973
196181.0,3.61773
197924.0,4.08977
199533.0,4.81617
201813.0,6.31108
203710.0,7.53818
203735.0,7.89234
203761.0,8.42596
203763.0,8.43028
203806.0,7.77669
203851.0,7.67917
205200.0,8.11822
206214.0,8.21318
209395.0,7.5304
214478.0,5.96038
219082.0,4.99872
220210.0,4.81719
220251.0,4.91541
220294.0,5.56149
220296.0,5.5643
220318.0,5.31043
220341.0,4.96564
220362.0,4.8623
221882.0,4.62297
222496.0,4.59251
223122.0,4.69445
223370.0,4.88624
223577.0,5.29585
223701.0,5.82289
223818.0,6.73603
223942.0,8.31153
224012.0,9.17867
224069.0,9.44785
224135.0,9.08135
224310.0,6.85046
224386.0,6.15884
224510.0,5.44579
224634.0,5.04286
224882.0,4.64064
225378.0,4.33923
226984.0,4.03857
234212.0,3.41013
254635.0,2.12437
254955.0,2.1199
255755.0,2.1854
256155.0,2.34647
256396.0,2.57274
256596.0,2.93441
256736.0,3.36764
256856.0,3.93889
256976.0,4.7787
257121.0,6.21211
257252.0,7.60131
257343.0,8.17801
257388.0,8.24466
257460.0,8.04175
257608.0,6.87379
257796.0,5.28894
257956.0,4.34678
258116.0,3.72208
258316.0,3.21972
258556.0,2.84638
258876.0,2.54699
259356.0,2.2927
260077.0,2.09675
260316.0,2.0752
260514.0,2.1388
260578.0,2.23362
260629.0,2.41399
260661.0,2.64871
260686.0,2.98717
260710.0,3.51372
260737.0,4.42573
260764.0,5.37339
260780.0,5.62374
260782.0,5.6257
260797.0,5.44479
260820.0,4.69917
260849.0,3.62764
260869.0,3.13537
260894.0,2.71672
260920.0,2.46987
260945.0,2.31728
260996.0,2.14806
261057.0,2.04784
261272.0,1.92032
262159.0,1.77328
265500.0,1.46554
267481.0,1.35066
267545.0,1.35023
267928.0,1.37507
268104.0,1.43636
268220.0,1.54955
268280.0,1.67425
268330.0,1.86085
268369.0,2.1197
268399.0,2.43137
268429.0,2.90838
268460.0,3.63079
268503.0,4.8578
268526.0,5.25267
268535.0,5.28746
268554.0,5.12299
268584.0,4.39686
268625.0,3.24227
268652.0,2.7
268684.0,2.27568
268720.0,1.96888
268768.0,1.73055
268829.0,1.56723
268928.0,1.43408
269081.0,1.3475
269479.0,1.27812
270365.0,1.25342
271429.0,1.29225
272492.0,1.39389
273484.0,1.57533
274477.0,1.86399
275469.0,2.28021
276603.0,2.93152
278304.0,4.19604
280445.0,5.79333
281990.0,6.53456
283691.0,6.83986
283975.0,6.84808
286810.0,6.55536
294465.0,5.22204
300490.0,4.58576
305669.0,4.35015
306077.0,4.34893
309136.0,4.49438
311460.0,4.91539
314274.0,5.68967
314886.0,5.73249
316232.0,5.49874
319535.0,4.34688
321982.0,3.82916
325653.0,3.41514
332382.0,3.02871
344311.0,2.63943
344785.0,2.67792
344923.0,2.7931
344982.0,2.9708
345024.0,3.27253
345071.0,3.92497
345100.0,4.26357
345112.0,4.30136
345134.0,4.17179
345199.0,3.2841
345236.0,2.99781
345295.0,2.7972
345418.0,2.67128
346055.0,2.59077
354703.0,2.42204
355254.0,2.4208
358528.0,2.49287
359822.0,2.63712
360097.0,2.78008
360218.0,2.9786
360335.0,3.23398
360346.0,3.23701
360421.0,3.11462
360541.0,2.86369
360691.0,2.7695
360809.0,2.75861
361766.0,2.95059
362690.0,3.31812
363498.0,3.85347
364191.0,4.56874
364815.0,5.5054
365508.0,6.95336
366686.0,9.7647
367241.0,10.5044
367553.0,10.6086
368169.0,10.1732
369269.0,8.19147
370215.0,6.56822
371029.0,5.59238
371909.0,4.91499
372903.0,4.50285
373599.0,4.41292
374326.0,4.52656
375083.0,4.95521
375993.0,5.73055
376159.0,5.77324
376465.0,5.63214
376887.0,4.98802
377570.0,3.7127
377963.0,3.18381
378400.0,2.77704
378982.0,2.4234
379855.0,2.09319
382782.0,1.32799
384395.0,0.792463
384626.0,0.736386
384856.0,0.714175
385029.0,0.736918
385190.0,0.802606
385322.0,0.902311
385466.0,1.07356
385610.0,1.32266
385754.0,1.6588
385936.0,2.20349
386403.0,3.8428
386653.0,4.48058
386860.0,4.77473
387137.0,4.89338
387736.0,4.63711
389003.0,3.89288
390420.0,3.41226
392003.0,3.13124
394642.0,2.9042
397280.0,2.84558
400973.0,2.94662
404667.0,3.26806
408150.0,3.80575
415115.0,5.24276
419336.0,5.66639
419652.0,5.87049
419863.0,6.28894
419994.0,6.9312
420095.0,7.85491
420211.0,9.10166
420255.0,9.2633
420324.0,8.88759
420474.0,7.25916
420588.0,6.5051
420737.0,6.02972
420980.0,5.7147
421711.0,5.46291
427170.0,5.09285
447707.0,4.71593
473703.0,3.77999
475268.0,3.86306
475894.0,4.04162
476334.0,4.35656
476651.0,4.82767
476944.0,5.59678
477289.0,6.74713
477454.0,6.95768
477619.0,6.72968
478113.0,5.17985
478435.0,4.54068
478817.0,4.12371
479454.0,3.7879
480792.0,3.50259
485563.0,2.91547
487315.0,2.5227
488482.0,2.18304
488716.0,2.16352
488949.0,2.21149
489183.0,2.37923
489358.0,2.62204
489592.0,3.13181
490164.0,4.79657
490445.0,5.2992
490792.0,5.47544
491628.0,5.10441
492725.0,4.6149
493302.0,4.51439
493775.0,4.65623
494075.0,5.03607
494384.0,5.52426
494445.0,5.54343
494616.0,5.40517
495026.0,4.77177
495476.0,4.38522
496433.0,4.05726
498790.0,3.76447
505434.0,3.4344
515850.0,3.19169
518544.0,3.29156
520160.0,3.54981
521668.0,4.04607
523793.0,4.84235
525082.0,5.33123
526890.0,6.66819
527636.0,6.84859
528792.0,6.55086
531724.0,5.38805
534552.0,4.71096
538666.0,4.16669
544708.0,3.76019
545245.0,3.74747
545637.0,3.83007
545730.0,3.99672
545785.0,4.27339
545860.0,4.78935
545875.0,4.81516
545921.0,4.60801
545986.0,4.15128
546060.0,3.928
546105.0,3.90241
546168.0,4.0339
546257.0,4.69641
546265.0,4.71032
546297.0,4.57605
546346.0,4.16837
546398.0,3.93145
546482.0,3.80532
547013.0,3.69272
552278.0,3.57999
557455.0,3.68801
561597.0,4.03176
565738.0,4.72047
569310.0,5.32659
570570.0,5.39216
572813.0,5.20622
576610.0,4.32471
581183.0,3.21415
583022.0,2.89737
583711.0,2.8579
584447.0,2.93507
585137.0,3.21145
585688.0,3.64496
586022.0,4.0683
586108.0,4.29547
586165.0,4.63741
586206.0,5.15475
586262.0,6.23309
586289.0,6.42707
586312.0,6.25604
586376.0,5.21723
586415.0,4.8635
586481.0,4.67573
586542.0,4.65253
587450.0,5.18111
587768.0,5.22716
588720.0,4.99239
591155.0,3.99082
592608.0,3.5679
592670.0,3.63294
592721.0,3.78946
592804.0,3.5338
594988.0,3.06752
596149.0,2.94866
596768.0,3.03873
597155.0,3.28392
597453.0,3.70317
597712.0,4.33729
598130.0,5.71113
598323.0,6.06082
598394.0,6.0883
598548.0,5.97372
599322.0,4.41689
599787.0,3.82062
600406.0,3.35189
601335.0,2.95562
602534.0,2.66272
602651.0,2.65542
602770.0,2.72245
602803.0,2.8318
602832.0,3.10598
602856.0,3.53635
602891.0,4.28447
602910.0,4.44485
602927.0,4.31108
602981.0,3.17842
602998.0,2.94894
603020.0,2.77455
603066.0,2.6403
603250.0,2.53199
605017.0,2.25949
607064.0,2.06932
608428.0,2.02514
609930.0,2.09852
611294.0,2.3173
612795.0,2.74009
616071.0,3.87696
617981.0,4.27105
620438.0,4.41319
626169.0,4.14456
634131.0,3.76415
636456.0,3.73339
639813.0,3.85161
642138.0,4.16819
644204.0,4.7455
647396.0,5.89374
650750.0,6.37732
652183.0,6.85154
652756.0,6.64972
654073.0,5.6218
654253.0,5.56407
654410.0,5.67586
654473.0,5.89416
654600.0,6.88569
654610.0,6.89861
654660.0,6.61216
654731.0,5.99948
654795.0,5.78947
654816.0,5.78139
654913.0,6.04982
655021.0,6.97401
655074.0,7.31511
655084.0,7.32605
655138.0,7.04846
655252.0,5.88789
655305.0,5.55356
655433.0,5.13659
655690.0,4.83707
656680.0,4.4588
659264.0,4.01127
664084.0,3.59948
673081.0,3.22528
688218.0,2.91534
695315.0,2.85696
698778.0,2.90563
698839.0,3.01448
698916.0,3.42371
698925.0,3.4316
698959.0,3.32055
699014.0,3.05453
699079.0,2.95618
699404.0,2.91954
702063.0,3.06792
703651.0,3.32402
704462.0,3.61278
704948.0,3.94166
705354.0,4.4388
705649.0,5.05752
706187.0,6.77409
706353.0,6.99256
706536.0,6.71759
707032.0,5.0805
707332.0,4.47184
707728.0,4.06347
708408.0,3.78308
711912.0,3.13661
713151.0,2.75623
714127.0,2.32113
714263.0,2.29735
714471.0,2.36346
714612.0,2.5156
714864.0,2.99217
715151.0,3.53429
715311.0,3.70865
715631.0,3.81966
718249.0,3.34935
724297.0,2.87439
724651.0,2.95916
724845.0,3.17753
725171.0,3.7662
725291.0,3.82845
726192.0,3.3978
727396.0,3.20819
730963.0,3.09448
734264.0,3.07989
747138.0,3.23216
752584.0,3.45284
755225.0,3.76387
757437.0,4.32027
758955.0,4.68929
759351.0,4.7113
760598.0,4.51034
763230.0,3.82006
765216.0,3.57215
765269.0,3.57111
765746.0,3.62635
765978.0,3.81907
766086.0,4.08191
766159.0,4.41658
766300.0,5.36567
766338.0,5.45428
766395.0,5.27168
766522.0,4.3908
766620.0,3.97414
766748.0,3.72142
767024.0,3.5318
767949.0,3.41518
768538.0,3.40376
770556.0,3.51637
772036.0,3.81525
774828.0,4.84126
776173.0,4.9973
776341.0,4.99799
777417.0,4.98569
779160.0,5.14744
780501.0,5.62694
782745.0,6.97752
785104.0,7.65556
786229.0,7.76336
788406.0,7.43115
793013.0,6.25714
798831.0,5.44853
818529.0,3.54184
818983.0,3.53036
819928.0,3.60439
820217.0,3.70444
820425.0,3.93011
820517.0,4.20614
820603.0,4.73196
820694.0,5.42001
820725.0,5.49287
820765.0,5.3835
820895.0,4.48621
820993.0,4.14005
821111.0,3.98081
821366.0,3.91245
824258.0,4.53656
826129.0,4.64649
840842.0,3.99318
842968.0,3.96599
844906.0,4.02871
845000.0,3.97786
848000.0,4.28703
849000.0,4.6418
850250.0,5.47178
851000.0,5.97774
851500.0,6.02679
852625.0,5.3414
853000.0,5.07457
854000.0,4.61656
855000.0,4.4211
856000.0,4.40094
857500.0,4.70103
859000.0,5.17102
859750.0,5.05728
861500.0,4.39328
862500.0,4.17978
864000.0,4.0801
865000.0,4.27651
866125.0,3.96023
869000.0,3.85229
870000.0,3.8511
872000.0,3.9463
875000.0,4.32462
877000.0,4.56922
878875.0,4.36299
882000.0,3.80353
885000.0,3.51752
892500.0,3.19672
906500.0,2.83584
910000.0,2.64162
913000.0,2.33596
914500.0,2.17592
915000.0,2.14076
915750.0,2.17446
916500.0,2.30723
918500.0,2.96546
919000.0,3.10224
920000.0,3.1738
924000.0,2.77246
925000.0,2.76758
926000.0,2.82276
927000.0,2.96858
928250.0,3.3184
929250.0,3.76954
930250.0,4.27467
930500.0,4.35478
931000.0,4.32817
933000.0,3.34156
934000.0,3.01325
936500.0,2.50839
937500.0,2.39153
938000.0,2.3549
939000.0,2.39813
943000.0,2.99102
944000.0,3.11131
946000.0,3.1968
959500.0,2.886
964000.0,2.81066
968000.0,2.86942
969250.0,3.05194
969750.0,3.24476
970700.0,3.82928
970800.0,3.85475
971100.0,3.78167
972000.0,3.21814
972750.0,3.01566
974000.0,2.93038
976500.0,3.10246
979500.0,3.5132
980000.0,3.54367
981500.0,3.35347
984000.0,2.87648
986000.0,2.65636
990000.0,2.45232
995000.0,2.32646
1000000.0,2.31879
1005000.0,2.47405
1011500.0,2.97067
1018000.0,3.51829
1020000.0,3.57271
1024000.0,3.46969
1026000.0,3.55838
1026750.0,3.47612
1028500.0,3.09214
1030500.0,2.88178
1035000.0,2.48398
1036000.0,2.41344
1037880.0,2.44804
1039000.0,2.58991
1040500.0,2.9725
1042500.0,3.55314
1043500.0,3.71397
1044000.0,3.7549
1046000.0,3.58469
1049000.0,3.27049
1071250.0,2.22732
1075000.0,2.0608
1080000.0,1.94046
1082000.0,1.98923
1084000.0,2.16861
1087000.0,2.65342
1090000.0,3.20287
1092000.0,3.46022
1094000.0,3.48998
1100000.0,3.02471
1102000.0,2.94945
1105000.0,3.01145
1115000.0,3.42513
1120000.0,3.48843
1140000.0,3.4366
1146000.0,3.55116
1148250.0,3.71892
1149000.0,3.87611
1149620.0,4.19439
1150300.0,4.7555
1150400.0,4.79397
1150700.0,4.67987
1151250.0,4.29911
1151750.0,4.11072
1153000.0,4.04669
1157500.0,4.50541
1164000.0,5.17771
1166000.0,5.22506
1169000.0,5.04917
1176000.0,4.34981
1178000.0,4.31233
1179500.0,4.36382
1180000.0,4.36135
1183000.0,3.84662
1185000.0,3.62207
1192000.0,3.29319
1195000.0,3.62459
1196500.0,3.4527
1198000.0,3.25371
1200000.0,3.14273
1210000.0,2.96565
1225000.0,2.98358
1230000.0,2.95438
1236000.0,3.1039
1238000.0,3.19868
1240250.0,3.17483
1246000.0,2.81402
1248000.0,2.71501
1250250.0,2.8601
1251500.0,3.10294
1253500.0,3.60928
1254000.0,3.69372
1255500.0,3.50363
1257000.0,3.27602
1258000.0,3.24238
1259500.0,3.34632
1262000.0,3.63862
1263000.0,3.66102
1265250.0,3.38018
1268000.0,3.0186
1270000.0,2.88279
1276500.0,2.76874
1279000.0,2.71441
1284000.0,2.38649
1285500.0,2.42878
1287500.0,2.66613
1290000.0,3.15311
1291000.0,3.10168
1292000.0,2.93665
1295000.0,2.72944
1305000.0,2.47538
1310000.0,2.37031
1316000.0,2.45022
1320000.0,2.63937
1322500.0,2.59797
1325000.0,2.44938
1330000.0,2.29073
1335000.0,2.26807
1339500.0,2.36596
1341500.0,2.4924
1342000.0,2.54392
1343750.0,2.98966
1344000.0,3.01935
1344750.0,2.92183
1346000.0,2.59559
1348000.0,2.26361
1349000.0,2.17841
1350000.0,2.16514
1351500.0,2.28662
1354000.0,2.5898
1355000.0,2.73371
1356000.0,2.76844
1359000.0,2.37466
1360000.0,2.2663
1364000.0,2.0548
1366000.0,2.04418
1369000.0,2.17714
1375000.0,2.82835
1380000.0,3.00902
1381000.0,2.96378
1387000.0,3.06305
1392500.0,3.36566
1395000.0,3.53782
1396000.0,3.74328
1397000.0,3.80071
1401000.0,3.59724
1404500.0,3.18022
1408000.0,2.90157
1412000.0,2.69176
1416000.0,2.57445
1418000.0,2.53772
1424000.0,2.58691
1427000.0,2.76252
1432000.0,3.4842
1435000.0,3.91271
1436000.0,4.01787
1438000.0,3.99458
1444000.0,3.26182
1446000.0,3.13584
1448000.0,3.17547
1450000.0,3.49547
1451000.0,3.54445
1453250.0,3.04522
1454000.0,2.92223
1456000.0,2.75501
1460000.0,2.64606
1475000.0,2.59858
1480000.0,2.56017
1502500.0,2.63781
1510000.0,2.69943
1520000.0,2.93947
1528000.0,3.04832
1532000.0,3.28892
1538000.0,3.91378
1540000.0,3.96615
1542000.0,3.82948
1549000.0,2.84106
1552000.0,2.53455
1554000.0,2.4254
1556000.0,2.40618
1558250.0,2.48857
1559000.0,2.56525
1559500.0,2.83591
1559900.0,3.09527
1560000.0,3.10987
1560300.0,2.96712
1560600.0,2.75436
1561000.0,2.58391
1561750.0,2.47392
1563000.0,2.45826
1566000.0,2.51213
1575000.0,2.85359
1580000.0,2.78957
1588000.0,2.54253
1593000.0,2.45739
1595000.0,2.44384
1598000.0,2.51925
1599000.0,2.61281
1601500.0,3.09079
1602500.0,3.18616
1603000.0,3.20659
1604000.0,3.18164
1605000.0,3.05651
1615000.0,2.55955
1620000.0,2.33564
1624000.0,2.28802
1625120.0,2.36646
1628000.0,2.78015
1629000.0,2.78697
1632000.0,2.40586
1634000.0,2.30235
1637000.0,2.48467
1638500.0,2.38502
1640000.0,2.21099
1643000.0,2.10194
1648000.0,2.06142
1654000.0,2.13588
1662500.0,2.46693
1666000.0,2.65579
1670000.0,2.69506
1676000.0,2.42368
1679000.0,2.49205
1682000.0,2.63413
1700000.0,2.86786
1708000.0,3.06309
1724000.0,3.12609
1728500.0,3.04517
1730750.0,2.89563
1734250.0,2.44018
1734500.0,2.42914
1735500.0,2.50598
1740000.0,3.44294
1743500.0,4.04199
1744000.0,4.08854
1745500.0,4.03373
1750000.0,3.50052
1753000.0,3.15454
1758000.0,2.84234
1765500.0,2.60884
1777000.0,2.33117
1778000.0,2.32044
1784000.0,2.36277
1800000.0,2.17335
1838500.0,1.86557
1846000.0,1.66456
1847500.0,1.6951
1849000.0,1.82279
1850810.0,2.11498
1854500.0,2.84956
1855500.0,2.96896
1856500.0,2.99097
1858190.0,2.82158
1861750.0,2.34308
1864000.0,2.10735
1866000.0,2.01029
1873000.0,2.06992
1883000.0,2.2903
1887000.0,2.43065
1892000.0,2.62091
1896910.0,3.03859
1900000.0,3.16441
1902000.0,3.1414
1909000.0,2.67435
1914000.0,2.58648
1921500.0,2.61802
1932000.0,2.7542
1938000.0,3.05332
1948000.0,3.19443
1952000.0,3.262
1955000.0,3.13917
1962000.0,2.57695
1974000.0,2.02996
1974750.0,2.02933
1978500.0,2.08794
1983000.0,2.24365
1992000.0,2.87251
1996000.0,2.95725
2000000.0,2.89218
2004000.0,3.1085
2008000.0,3.42406
2010000.0,3.4908
2020000.0,3.26277
2027000.0,3.11668
2034000.0,2.8757
2037000.0,2.69405
2038000.0,2.66034
2042000.0,2.83642
2048000.0,3.40041
2048500.0,3.42032
2050000.0,3.33449
2057500.0,2.39678
2061000.0,2.01124
2062500.0,1.9517
2064380.0,2.06786
2068500.0,2.50817
2071500.0,2.72133
2076000.0,2.90359
2085000.0,3.14142
2088000.0,3.23126
2095500.0,3.09879
2106000.0,2.7802
2108000.0,2.7782
2112000.0,2.55782
2116000.0,2.53002
2128000.0,2.65588
2136000.0,2.57264
2138000.0,2.58003
2140000.0,2.49763
2146000.0,2.64263
2162000.0,3.16392
2165000.0,3.26788
2166000.0,3.32899
2172000.0,2.95765
2182000.0,2.97285
2186000.0,2.8071
2192000.0,2.56223
2194000.0,2.54708
2198000.0,2.65613
2204000.0,3.0484
2206000.0,3.10551
2209000.0,3.0503
2216000.0,2.62533
2218000.0,2.60688
2224000.0,2.71142
2228000.0,2.67648
2232000.0,2.55459
2236000.0,2.52151
2241000.0,2.61789
2246000.0,2.83695
2250000.0,2.88096
2258000.0,2.69788
2266000.0,2.69499
2276000.0,2.8367
2284000.0,2.77305
2288000.0,2.71736
2310000.0,2.90741
2314000.0,2.78019
2322000.0,2.34359
2327000.0,2.22925
2330000.0,2.26946
2338000.0,2.65845
2340000.0,2.70312
2344500.0,2.66456
2346000.0,2.58851
2347000.0,2.58653
2352000.0,2.71547
2354000.0,2.70591
2357000.0,2.50442
2363000.0,2.05775
2366000.0,1.94743
2374000.0,1.87178
2380000.0,1.75978
2384000.0,1.74538
2388000.0,1.79902
2393500.0,2.00237
2400000.0,2.28594
2404000.0,2.3567
2406000.0,2.36919
2412000.0,2.34423
2419000.0,2.45254
2422000.0,2.50251
2425000.0,2.36337
2433000.0,1.95049
2448000.0,1.67882
2454000.0,1.64064
2459000.0,1.72827
2466000.0,1.97983
2484000.0,2.93358
2502000.0,3.58467
2506000.0,3.6246
2516000.0,3.36959
2526000.0,3.39897
2530000.0,3.27402
2536000.0,2.88415
2543000.0,2.64227
2548000.0,2.54048
2551000.0,2.59208
2555000.0,2.81149
2563000.0,3.54379
2566000.0,3.67395
2572000.0,3.60463
2592500.0,2.96246
2605000.0,2.48961
2610000.0,2.37236
2615000.0,2.33295
2630000.0,2.504
2640000.0,2.46209
2647500.0,2.54565
2657500.0,2.77941
2660000.0,2.81029
2665000.0,2.71096
2671250.0,2.37039
2675000.0,2.1101
2680000.0,1.93382
2685620.0,1.96083
2695000.0,2.22205
2700000.0,2.25977
2705000.0,2.21234
2725000.0,2.33592
2740000.0,2.16984
2755000.0,2.31591
2765000.0,2.28986
2771250.0,2.53953
2780000.0,3.05645
2785000.0,3.10054
2792500.0,2.84625
2807500.0,2.16843
2810000.0,2.07603
2845000.0,1.68927
2855000.0,1.65794
2860000.0,1.68572
2867500.0,1.91502
2870000.0,2.00414
2875000.0,2.09428
2880000.0,2.06673
2887500.0,1.90925
2890000.0,1.87297
2895000.0,1.97687
2905000.0,2.37388
2910000.0,2.39823
2916280.0,2.2072
2920000.0,2.02928
2925000.0,1.8839
2930000.0,1.87674
2935000.0,1.92933
2942500.0,1.89665
2950000.0,1.78824
2957500.0,1.85283
2965000.0,1.98118
2970000.0,2.00665
2980000.0,1.99088
3002500.0,2.32178
3010000.0,2.35268
3015000.0,2.30639
3025000.0,1.92695
3030000.0,1.8021
3047500.0,1.65906
3052500.0,1.61971
3055000.0,1.61381
3070000.0,1.8902
3090000.0,1.99113
3100000.0,2.04445
3110000.0,1.96654
3120000.0,1.79731
3125000.0,1.77757
3130000.0,1.86338
3140000.0,2.14639
3145000.0,2.18292
3150000.0,2.0571
3157500.0,1.69094
3160000.0,1.58447
3165000.0,1.45463
3170000.0,1.43356
3175620.0,1.52783
3187500.0,1.84897
3205000.0,2.09268
3210000.0,2.09856
3217500.0,1.97074
3225000.0,1.7695
3230000.0,1.71437
3237500.0,1.75001
3262500.0,2.09596
3265000.0,2.11165
3270000.0,2.09538
3285000.0,1.74731
3290000.0,1.70715
3300000.0,1.72135
3310000.0,1.62401
3320000.0,1.63293
3350000.0,1.86225
3355000.0,1.84876
3365000.0,1.88984
3382500.0,2.13745
3385000.0,2.15705
3392500.0,2.10191
3410000.0,1.76851
3425000.0,1.5945
3435000.0,1.57851
3457500.0,1.74193
3465000.0,1.7669
3480000.0,1.74403
3485000.0,1.74424
3500000.0,1.81469
3510000.0,1.74072
3522500.0,1.54837
3530000.0,1.5204
3548750.0,1.69245
3560000.0,1.79281
3577500.0,2.1113
3585000.0,2.1501
3590000.0,2.15527
3600000.0,2.05407
3610000.0,2.05703
3620000.0,2.13045
3630000.0,2.03854
3645000.0,1.68074
3650000.0,1.60333
3672500.0,1.43003
3675000.0,1.42107
3685000.0,1.48714
3707500.0,1.8703
3715000.0,1.92485
3722500.0,1.88242
3737300.0,1.65905
3740000.0,1.6521
3765000.0,1.84316
3780000.0,1.87865
3813840.0,1.72548
3828350.0,1.68391
3850000.0,1.50388
3860000.0,1.48993
3875000.0,1.52236
3880000.0,1.51906
3891250.0,1.5375
3910000.0,1.75389
3920000.0,1.71242
3930000.0,1.63581
3950000.0,1.65445
3970000.0,1.53617
3980000.0,1.54325
3995000.0,1.65546
4030000.0,1.74811
4065000.0,1.64745
4075000.0,1.67278
4093750.0,1.60901
4100000.0,1.56342
4110000.0,1.55496
4125000.0,1.65626
4136250.0,1.58847
4147500.0,1.49522
4150000.0,1.48778
4157500.0,1.53928
4175000.0,1.74224
4187500.0,1.69728
4200000.0,1.52983
4215000.0,1.40843
4240000.0,1.35865
4260000.0,1.44461
4275000.0,1.44759
4290000.0,1.37395
4300000.0,1.40617
4320000.0,1.58543
4330000.0,1.61175
4345000.0,1.55813
4375000.0,1.64272
4382500.0,1.6166
4390000.0,1.55063
4420000.0,1.16394
4430000.0,1.09033
4440000.0,1.08879
4452500.0,1.23701
4467500.0,1.45597
4472500.0,1.48413
4475000.0,1.48477
4495000.0,1.38976
4500000.0,1.39019
4505000.0,1.38567
4525000.0,1.46585
4530000.0,1.47412
4545000.0,1.31642
4555000.0,1.2787
4560000.0,1.2711
4570000.0,1.30225
4605000.0,1.28716
4620000.0,1.3418
4640000.0,1.50872
4650000.0,1.60171
4660000.0,1.60551
4690000.0,1.41181
4730000.0,1.22542
4740000.0,1.26404
4752500.0,1.44588
4760000.0,1.59435
4770000.0,1.68474
4785000.0,1.64472
4825000.0,1.30924
4835000.0,1.23063
4845000.0,1.19801
4870000.0,1.16612
4885000.0,1.23079
4910000.0,1.40127
4940000.0,1.41834
4960000.0,1.29557
4970000.0,1.28713
4985000.0,1.42135
5000000.0,1.54748
5010000.0,1.58124
5030000.0,1.50939
5050000.0,1.4999
5070000.0,1.42788
5090000.0,1.40266
5100000.0,1.4193
5162470.0,1.34833
5180000.0,1.28631
5203280.0,1.12737
5210000.0,1.11021
5220000.0,1.11217
5235000.0,1.17229
5250000.0,1.18374
5270000.0,1.14993
5300000.0,1.24443
5330000.0,1.42183
5349060.0,1.43437
5370000.0,1.38292
5390000.0,1.40422
5405000.0,1.33858
5430000.0,1.15969
5440000.0,1.12414
5470000.0,1.20026
5490000.0,1.17085
5514050.0,1.08346
5518100.0,1.07531
5560000.0,1.09486
5570000.0,1.15484
5580000.0,1.26512
5595000.0,1.23736
5610000.0,1.1727
5635900.0,1.14901
5675000.0,1.18424
5690000.0,1.2062
5705400.0,1.18808
5755000.0,1.04883
5760000.0,1.04207
5780000.0,1.09689
5810000.0,1.2568
5830000.0,1.20789
5845000.0,1.14907
5850000.0,1.14087
5860000.0,1.15935
5890000.0,1.34265
5905650.0,1.37447
5938050.0,1.33254
5960000.0,1.26069
5970000.0,1.21712
6000000.0,1.20614
6030000.0,1.22761
6055000.0,1.15718
6060000.0,1.15234
6110000.0,1.24218
6136250.0,1.07536
6150000.0,0.988808
6175000.0,0.929812
6180000.0,0.92393
6201840.0,0.970903
6230000.0,0.983197
6260000.0,1.09295
6290000.0,1.14906
6370000.0,1.08312
6420000.0,1.16506
6450000.0,1.26884
6459530.0,1.27087
6480000.0,1.22981
6500000.0,1.10176
6522030.0,1.02098
6570000.0,1.07294
6600000.0,1.07537
6619910.0,1.05464
6655000.0,0.899222
6660000.0,0.886308
6682820.0,0.929695
6720000.0,1.08021
6750000.0,1.11652
6795000.0,1.04968
6830000.0,1.0004
6860000.0,1.0365
6897330.0,1.10468
6904670.0,1.11074
6950000.0,1.0049
6970630.0,0.948315
6990000.0,0.931572
7030000.0,0.975705
7040550.0,0.972744
7075840.0,0.88069
7090000.0,0.82362
7100000.0,0.850571
7140000.0,0.828481
7222500.0,0.880737
7250000.0,0.887774
7320000.0,0.855435
7390000.0,0.792884
7460000.0,0.817256
7600000.0,0.968546
7675000.0,0.950921
7725000.0,0.897041
7760000.0,0.851542
7800000.0,0.838604
7860000.0,0.851583
7880000.0,0.815821
7900000.0,0.821894
7930000.0,0.906806
7940000.0,0.928711
7985000.0,0.915153
8020000.0,0.857677
8080000.0,0.782041
8120000.0,0.826307
8180000.0,0.762213
8200000.0,0.761437
8350000.0,0.818256
8400000.0,0.829104
8600000.0,0.816361
8750000.0,0.761867
8875000.0,0.718029
9000000.0,0.694698
9241370.0,0.715403
9450000.0,0.747648
9500000.0,0.749749
9600000.0,0.745292
9800000.0,0.761344
1.0E7,0.749413
1.025E7,0.702384
1.03625E7,0.716549
1.055E7,0.772813
1.08125E7,0.722325
1.09E7,0.721504
1.115E7,0.78312
1.12E7,0.780021
1.125E7,0.789852
1.13571E7,0.770698
1.16E7,0.791241
1.21014E7,0.760773
1.22028E7,0.757927
1.24E7,0.770284
1.3E7,0.763288
1.44E7,0.785897
1.45E7,0.785578
1.97E7,0.886552
1.99998E7,0.901235
2.00004E7,0.943275
2.7E7,1.10799
3.60437E7,1.19156
3.7E7,1.19327
5.05E7,1.10806
9.1E7,0.639553
1.09E8,0.471489
1.24E8,0.382397
1.41E8,0.293304
1.5E8,0.265101
