7-N-14(n,elastic) ENDF/B-VII.1
1.0E-5,152.89
1.31241E-5,133.532
1.70876E-5,117.108
2.2426E-5,102.321
2.91987E-5,89.7803
3.83206E-5,78.4962
4.98935E-5,68.9336
6.54808E-5,60.3377
8.52562E-5,53.0624
1.09777E-4,46.9622
1.42929E-4,41.3934
1.85438E-4,36.6056
2.39106E-4,32.5299
3.13805E-4,28.7492
4.08575E-4,25.5853
5.36218E-4,22.7867
6.98157E-4,20.4666
0.001,17.8573
0.00142929,15.8057
0.002,14.2954
0.00285858,13.0643
0.0044852,11.9557
0.00766413,11.1147
0.0142929,10.5571
0.0248616,10.2826
0.0253,10.2762
0.109776,9.99546
3138.05,9.23307
10977.7,8.01044
20000.0,7.05216
40000.0,5.84863
60000.0,5.17537
87821.2,4.61193
130000.0,4.0768
200000.0,3.54361
325000.0,2.9609
410000.0,2.67236
423000.0,2.7327
426000.0,2.84354
428000.0,3.05459
429000.0,3.2794
430200.0,3.82995
430800.0,4.36884
431300.0,5.09731
431700.0,5.97849
432100.0,7.24836
432700.0,9.88877
433100.0,11.4167
433300.0,11.7116
433400.0,11.7172
433700.0,11.0318
434600.0,7.17872
435000.0,5.95866
436000.0,4.28418
437000.0,3.55991
438000.0,3.2031
439500.0,2.9418
442000.0,2.74442
448000.0,2.59546
474000.0,2.44422
482000.0,2.42274
489300.0,2.4751
491200.0,2.50028
502000.0,2.35075
570000.0,1.99497
595000.0,1.74604
620000.0,1.35999
622000.0,1.34863
626000.0,1.37054
630000.0,1.47089
644000.0,2.13186
651000.0,2.30619
660000.0,2.37132
695000.0,2.24159
890000.0,1.45884
935000.0,1.19814
965000.0,0.988643
970000.0,0.974087
975000.0,0.986517
980000.0,1.0488
985000.0,1.19598
990625.0,1.51591
998750.0,2.19771
1005000.0,2.64376
1011000.0,2.79604
1012000.0,2.80104
1020750.0,2.6675
1045000.0,2.14065
1065000.0,1.89963
1080000.0,1.82127
1090000.0,1.84779
1095000.0,1.91418
1100000.0,2.05749
1105000.0,2.35901
1110500.0,3.06514
1115000.0,3.84789
1117000.0,4.03969
1119000.0,3.94402
1122500.0,3.33103
1125000.0,2.85706
1130000.0,2.21149
1135000.0,1.87537
1140000.0,1.69177
1147500.0,1.54588
1160000.0,1.42584
1174000.0,1.38005
1179000.0,1.40773
1181000.0,1.46055
1182000.0,1.54378
1183000.0,1.7739
1183400.0,1.99036
1183700.0,2.27118
1184000.0,2.7122
1184500.0,3.68306
1184650.0,3.82054
1184700.0,3.82461
1184800.0,3.781
1185050.0,3.3778
1185450.0,2.57335
1185700.0,2.22349
1186000.0,1.9498
1186400.0,1.73848
1187000.0,1.57919
1188000.0,1.47149
1190000.0,1.41035
1192000.0,1.40031
1198000.0,1.45591
1200000.0,1.50366
1206250.0,1.82428
1210000.0,2.05107
1220000.0,1.55774
1225000.0,1.4563
1235000.0,1.39555
1240000.0,1.38982
1270000.0,1.4472
1305000.0,1.61471
1320000.0,1.76101
1327500.0,1.90788
1332500.0,2.07413
1335000.0,2.17825
1340620.0,2.60896
1345000.0,3.10617
1350000.0,3.49277
1356250.0,2.99446
1361000.0,2.53208
1365000.0,2.30748
1371000.0,2.14618
1378000.0,2.09457
1390000.0,2.17036
1406000.0,2.33618
1407000.0,2.33638
1420000.0,2.22363
1440000.0,2.02073
1470000.0,1.92161
1530000.0,1.8852
1565000.0,1.93646
1575000.0,2.02586
1582000.0,2.1925
1586000.0,2.39209
1590000.0,2.75035
1596000.0,3.57174
1598000.0,3.69328
1600000.0,3.60871
1607000.0,2.72578
1610000.0,2.46309
1615000.0,2.21071
1622500.0,2.03718
1635000.0,1.91624
1670000.0,1.82941
1695000.0,1.8171
1732500.0,1.87168
1750000.0,1.98598
1762500.0,2.17529
1782000.0,2.62376
1784000.0,2.63864
1790000.0,2.59279
1810000.0,2.07514
1825000.0,1.85836
1845000.0,1.72852
1890000.0,1.61791
2040000.0,1.4788
2150000.0,1.4213
2190000.0,1.45033
2228000.0,1.55253
2290000.0,1.41341
2440000.0,1.30501
2460000.0,1.30002
2475000.0,1.31169
2476000.0,1.46659
2477130.0,1.30559
2492500.0,1.29
2508250.0,1.337
2510500.0,1.36956
2511000.0,1.3672
2511250.0,1.36737
2514000.0,1.3235
2540000.0,1.29516
2560000.0,1.30181
2620000.0,1.28413
2640000.0,1.31281
2655000.0,1.26813
2675000.0,1.19569
2680000.0,1.18848
2695000.0,1.20538
2703000.0,1.29404
2708000.0,1.34175
2712000.0,1.2925
2720000.0,1.14564
2730000.0,1.05377
2745000.0,1.0048
2750000.0,0.996219
2760000.0,1.0129
2800000.0,1.20379
2840000.0,1.25638
2860000.0,1.25497
2882500.0,1.27144
2887500.0,1.32002
2890000.0,1.35437
2893000.0,1.33392
2899000.0,1.24955
2908000.0,1.19176
2913000.0,1.23596
2920000.0,1.29189
2937500.0,1.34306
2945500.0,1.43008
2949000.0,1.53305
2952000.0,1.6934
2956000.0,1.99016
2957500.0,2.03102
2959000.0,1.99692
2964000.0,1.64453
2968000.0,1.4803
2975000.0,1.36822
2987500.0,1.3188
2990000.0,1.31601
3040000.0,1.33269
3060000.0,1.33112
3085000.0,1.36798
3130000.0,1.32509
3152500.0,1.34201
3180000.0,1.47332
3200000.0,1.58675
3210000.0,1.57656
3250000.0,1.29473
3280000.0,1.19699
3300000.0,1.17853
3320000.0,1.19223
3410000.0,1.15972
3460000.0,1.12685
3485000.0,1.18047
3492500.0,1.2535
3500000.0,1.40045
3508000.0,1.62506
3510000.0,1.64795
3513000.0,1.61478
3523000.0,1.31112
3524000.0,1.30653
3556000.0,1.4089
3563000.0,1.50751
3568000.0,1.60006
3569000.0,1.60112
3572000.0,1.56834
3578500.0,1.43324
3595000.0,1.33106
3640000.0,1.29256
3830000.0,1.36066
3940000.0,1.4408
3960000.0,1.43616
4010000.0,1.46108
4060000.0,1.58373
4090000.0,1.55967
4110000.0,1.58132
4180000.0,1.86886
4190000.0,1.86922
4304320.0,1.46146
4385000.0,1.3234
4470000.0,1.23591
4480000.0,1.23496
4510000.0,1.26278
4530000.0,1.16714
4540000.0,1.1077
4585000.0,1.28285
4590000.0,1.29436
4615000.0,1.26118
4660000.0,1.02812
4690000.0,0.924777
4727500.0,0.826858
4780000.0,0.751212
4820000.0,0.715133
4880000.0,0.696608
4955000.0,0.726615
5010000.0,0.795369
5070000.0,0.938381
5150000.0,1.17023
5240000.0,1.3019
5290000.0,1.32107
5520000.0,1.23782
5580000.0,1.26766
5640000.0,1.1956
5740000.0,1.1231
5840000.0,1.04215
5861790.0,1.03882
5930000.0,1.06873
5970000.0,1.08545
6020000.0,1.0421
6160000.0,1.14264
6220000.0,1.15743
6245880.0,1.12256
6310000.0,0.972954
6380000.0,0.922075
6541890.0,1.01633
6764430.0,0.85947
6875000.0,0.822348
6900000.0,0.820174
6975000.0,0.835008
7130000.0,0.945154
7300000.0,1.15062
7310000.0,1.15439
7350000.0,1.09169
7415000.0,1.23013
7420000.0,1.23232
7460000.0,1.1926
7500000.0,1.08457
7550000.0,1.01727
7675000.0,0.971172
7700000.0,0.969358
7740000.0,0.976674
7840000.0,1.08285
7880000.0,1.15343
7900000.0,1.14854
7980000.0,0.899099
8000000.0,0.862329
8100000.0,0.835337
8200000.0,0.851005
8350000.0,0.806113
8500000.0,0.864471
8540770.0,0.863333
8722200.0,0.896697
9000000.0,0.863242
9100000.0,0.869155
9300000.0,0.839411
9380000.0,0.840149
9457470.0,0.834433
1.03E7,0.899531
1.05E7,0.835133
1.07E7,0.892092
1.08E7,0.866152
1.1E7,0.7805
1.11E7,0.766712
1.13136E7,0.791839
1.1524E7,0.8315
1.1525E7,0.830782
1.22E7,0.962545
1.26985E7,0.99123
1.28E7,0.992073
1.36E7,0.969667
1.3669E7,0.970005
1.39E7,0.968901
1.43E7,0.969871
1.44E7,0.969831
1.45E7,0.97
1.46E7,0.969967
1.608E7,0.982203
1.65E7,0.972804
1.7E7,0.996207
1.8493E7,0.958837
2.0E7,1.01901
2.3E7,0.961001
2.4E7,0.957657
2.6E7,0.958551
4.0E7,0.839004
5.3E7,0.669464
7.2E7,0.472962
8.8E7,0.35222
1.04E8,0.26904
1.21E8,0.192526
1.3E8,0.164925
1.5E8,0.120181
