74-W-183(n,elastic) ENDF/B-VII.1
1.0E-5,10.3962
1.31241E-5,9.13847
1.70876E-5,8.07915
2.2426E-5,7.13448
2.91987E-5,6.34319
3.83206E-5,5.64243
4.98935E-5,5.0606
6.54808E-5,4.55105
9.35912E-5,4.00291
1.33769E-4,3.5734
1.91195E-4,3.24383
2.97611E-4,2.94838
4.6696E-4,2.74633
8.68984E-4,2.57868
0.00194878,2.47031
0.00813293,2.40361
0.0234661,2.38891
0.0253,2.38826
3.91496,2.03941
5.43884,1.79552
6.11612,1.60591
6.62408,1.36877
6.95425,1.12328
7.18284,0.931758
7.23363,0.917157
7.28443,0.94601
7.31829,1.01358
7.34369,1.11004
7.36909,1.27126
7.38919,1.47124
7.40824,1.7529
7.42412,2.0912
7.43893,2.53356
7.45375,3.15589
7.46645,3.89653
7.47809,4.81184
7.4892,5.97086
7.50031,7.49614
7.51142,9.48946
7.52412,12.4824
7.53761,16.6637
7.55217,22.4645
7.57016,31.4223
7.61079,54.2534
7.62899,61.6586
7.64635,64.8361
7.65058,64.9502
7.66921,62.4667
7.68826,55.8517
7.73736,33.2454
7.75852,25.5789
7.77704,20.5633
7.79556,16.8905
7.81673,13.9129
7.83789,11.8216
7.86699,9.84554
7.90033,8.33513
7.93948,7.13836
7.98975,6.11109
8.06012,5.18854
8.15325,4.43825
8.27495,3.84811
8.41781,3.42304
8.65592,3.00672
8.97339,2.69586
9.50252,2.41086
10.3491,2.16101
12.127,1.85487
20.28,0.803015
21.12,0.722578
21.9075,0.690297
22.4194,0.71575
22.7475,0.764762
23.0625,0.848773
23.3775,0.984843
23.6531,1.16487
23.9156,1.41679
24.1453,1.72786
24.375,2.16048
24.585,2.70872
24.7687,3.35997
24.9525,4.24087
25.1297,5.40474
25.2872,6.81236
25.4414,8.69276
25.5727,10.8794
25.7006,13.7734
25.8188,17.4328
25.9237,21.8735
26.0156,27.1187
26.1075,34.2518
26.1863,42.5929
26.265,54.0528
26.3359,68.4858
26.3976,86.0141
26.4501,106.556
26.496,131.007
26.5419,164.803
26.5813,205.482
26.6148,253.639
26.6423,307.94
26.6699,382.622
26.6942,473.759
26.7178,595.964
26.7408,759.7
26.7638,983.942
26.7867,1286.94
26.811,1712.2
26.8366,2291.59
26.8687,3202.1
26.938,5387.22
26.9706,6095.97
27.0005,6333.32
27.0273,6158.71
27.0609,5482.67
27.1496,2772.6
27.1798,2016.94
27.2034,1553.37
27.2261,1209.0
27.2477,958.011
27.2694,768.685
27.2914,624.95
27.3143,513.277
27.3419,415.764
27.3701,343.775
27.4056,278.951
27.441,232.261
27.4883,187.472
27.5434,150.814
27.6038,122.459
27.6681,100.733
27.7429,82.447
27.8295,67.2291
27.9306,54.5501
28.0434,44.4669
28.1747,36.1357
28.3223,29.4884
28.4831,24.3074
28.6734,19.9221
28.9031,16.1858
29.1459,13.3757
29.4216,11.0777
29.7431,9.14683
30.1106,7.55671
30.57,6.13726
31.095,4.97863
31.725,3.9742
32.4863,3.09377
33.2869,2.39514
34.245,1.7438
35.214,1.2107
36.1434,0.786171
36.8714,0.506098
37.3877,0.339028
37.7672,0.237282
38.0584,0.17416
38.2967,0.134314
38.482,0.112475
38.6232,0.102183
38.7644,0.0982948
38.888,0.101011
39.0115,0.110435
39.1351,0.12782
39.2586,0.154847
39.3821,0.193819
39.4903,0.240344
39.5984,0.30213
39.7043,0.382663
39.8058,0.486072
39.894,0.606705
39.9712,0.747902
40.0484,0.942402
40.1124,1.17267
40.1627,1.43404
40.2046,1.75171
40.2355,2.08627
40.2664,2.5586
40.2942,3.15943
40.318,3.85909
40.3423,4.79885
40.3714,6.29646
40.401,8.28203
40.4429,11.8566
40.5135,18.4898
40.5471,20.7614
40.5788,21.7141
40.5831,21.7361
40.6148,21.0804
40.6459,19.1458
40.6918,14.7088
40.7509,8.47245
40.78,5.92984
40.8039,4.25574
40.825,3.08001
40.8436,2.27399
40.8595,1.72918
40.8753,1.30035
40.8912,0.969235
40.9053,0.742847
40.9201,0.5617
40.9323,0.447856
40.9465,0.346595
40.9596,0.27799
40.9724,0.229277
40.9848,0.195777
40.9989,0.170301
41.0095,0.158311
41.028,0.148538
41.0346,0.147807
41.0589,0.154295
41.0854,0.173124
41.1295,0.220701
41.2001,0.319032
41.3237,0.522742
41.5001,0.85737
41.7119,1.32759
41.9238,1.89272
42.1467,2.62558
42.39,3.63094
42.615,4.80896
42.84,6.30727
43.065,8.21727
43.29,10.7071
43.515,14.0043
43.715,17.8684
43.915,22.9682
44.09,28.852
44.2775,37.2628
44.4463,47.5244
44.5962,59.771
44.7463,76.3
44.885,97.2092
45.005,121.898
45.1175,153.419
45.2175,191.562
45.305,236.556
45.3925,297.791
45.4675,369.697
45.5412,467.297
45.6025,579.529
45.6575,717.596
45.71,900.346
45.7525,1104.22
45.7962,1394.34
45.8338,1739.47
45.87,2195.98
45.905,2795.32
45.9375,3534.56
45.9725,4572.73
46.0125,6106.31
46.0625,8515.34
46.154,13310.3
46.195,14835.0
46.241,15514.6
46.2412,15514.8
46.285,14985.0
46.336,13136.2
46.4562,7044.53
46.4987,5309.53
46.5381,4063.53
46.5769,3146.3
46.6162,2466.89
46.6569,1963.79
46.6981,1597.32
46.7463,1292.96
46.8,1054.57
46.86,868.352
46.92,736.289
47.0013,613.499
47.0825,534.897
47.1475,496.554
47.23,477.434
47.29,488.024
47.35,528.477
47.3925,584.461
47.4362,677.793
47.4738,798.152
47.5112,967.534
47.555,1239.89
47.6025,1630.6
47.713,2698.83
47.762,3020.37
47.8014,3109.64
47.842,3020.59
47.892,2690.91
48.0219,1442.15
48.07,1076.13
48.1094,848.543
48.1488,678.298
48.1912,545.182
48.235,447.829
48.28,376.242
48.34,309.492
48.41,256.574
48.485,217.217
48.5825,181.538
48.705,150.922
48.855,125.484
49.03,105.179
49.235,88.6643
49.5062,73.5566
49.8125,61.7743
50.15,52.5693
50.6,43.917
51.1,37.2022
51.725,31.2952
52.475,26.3746
53.35,22.3864
54.6,18.5472
56.1,15.5238
58.05,12.9528
60.6259,10.7316
64.1415,8.36668
64.6169,7.71293
64.8446,7.07512
65.0324,6.40505
65.0883,6.55901
65.1293,6.98206
65.1782,7.94732
65.2381,9.8107
65.352,13.9214
65.4079,15.0997
65.4479,15.3497
65.5078,14.9072
65.6995,11.6433
65.8194,10.5343
66.0291,9.69596
66.4986,8.95609
67.5772,8.2429
70.6533,7.20124
77.3344,5.74071
86.596,3.95058
90.481,2.98899
93.3624,2.07278
95.4668,1.33882
96.1143,1.17269
96.5675,1.11972
96.6322,1.11899
96.9884,1.15783
97.2797,1.26678
97.4983,1.41644
97.7168,1.64687
97.9273,1.97315
98.1215,2.39868
98.3158,2.9879
98.5019,3.76378
98.6719,4.72107
98.8418,6.00715
99.0118,7.75169
99.1737,10.0141
99.3194,12.7666
99.4602,16.3649
99.5913,20.9183
99.7143,26.729
99.8309,34.2552
99.9345,43.3877
100.025,54.1618
100.109,67.589
100.189,84.7099
100.265,107.297
100.333,135.337
100.391,168.434
100.444,209.854
100.495,263.966
100.543,333.198
100.588,421.985
100.632,535.909
100.678,691.345
100.726,908.594
100.784,1246.15
100.862,1814.2
100.983,2755.14
101.053,3115.03
101.112,3211.2
101.162,3126.14
101.229,2800.97
101.417,1434.6
101.482,1058.69
101.534,826.974
101.582,660.374
101.631,534.188
101.688,426.054
101.741,352.018
101.809,284.315
101.877,236.139
101.958,194.838
102.055,159.64
102.175,129.308
102.311,105.375
102.473,85.548
102.654,70.0344
102.861,57.4652
103.126,45.9622
103.513,33.0022
103.626,30.9225
103.64,30.8627
103.707,31.4221
103.793,34.2405
103.943,40.8749
104.03,42.1716
104.137,40.1113
104.349,32.6969
104.535,28.7446
104.787,25.6369
105.256,21.9732
105.934,18.5986
106.828,15.7554
107.939,13.4895
109.225,11.7763
111.062,10.1703
113.411,8.86304
117.168,7.55076
122.643,6.35116
135.394,4.27718
136.677,3.87389
137.105,3.57297
137.51,3.01297
137.549,3.00211
137.607,3.07463
137.66,3.27627
137.709,3.62548
137.774,4.35433
137.86,5.72798
137.993,8.03889
138.062,8.81082
138.13,9.07057
138.202,8.83274
138.451,6.56564
138.576,5.82371
138.7,5.41573
138.992,4.99109
139.4,4.75409
140.108,4.63538
140.98,4.79736
141.503,5.13346
141.968,5.74979
142.317,6.61365
142.572,7.68532
142.782,9.08365
142.956,10.9061
143.09,13.0297
143.189,15.2971
143.287,18.5802
143.363,22.253
143.433,27.176
143.489,32.8313
143.54,40.0833
143.586,49.158
143.633,61.5035
143.679,78.1859
143.728,101.645
143.777,132.427
143.833,177.595
143.902,248.47
144.063,431.607
144.137,488.452
144.2,505.157
144.261,489.224
144.333,435.731
144.464,286.37
144.544,198.613
144.603,146.073
144.656,109.818
144.701,85.5735
144.746,67.0445
144.792,53.0002
144.839,42.4027
144.892,33.9292
144.944,27.8886
145.0,23.2508
145.07,19.1471
145.153,15.7466
145.242,13.2345
145.353,11.0017
145.496,9.04986
145.653,7.59639
145.841,6.40618
146.083,5.39126
146.374,4.60398
146.665,4.0866
147.061,3.63361
147.555,3.31156
148.048,3.16792
148.212,3.15474
148.769,3.23998
149.326,3.56486
149.697,3.96712
150.069,4.58355
150.44,5.50789
150.768,6.69512
151.049,8.11378
151.331,10.0831
151.579,12.4749
151.826,15.77
152.049,19.8713
152.247,24.8513
152.42,30.7092
152.593,38.6077
152.748,48.1879
152.896,60.7338
153.023,75.3086
153.147,94.6578
153.26,118.955
153.357,147.592
153.447,183.324
153.534,230.413
153.616,291.652
153.692,368.851
153.766,470.719
153.84,606.177
153.92,798.388
154.021,1107.88
154.232,1859.04
154.326,2092.5
154.412,2168.94
154.484,2116.88
154.588,1881.65
154.839,1041.26
154.935,784.474
155.019,613.503
155.105,481.479
155.192,385.206
155.279,314.766
155.387,251.493
155.504,203.18
155.625,167.688
155.766,137.902
155.91,116.112
156.033,102.517
156.188,91.7773
156.281,89.9935
156.355,93.0323
156.411,99.4902
156.475,113.656
156.53,133.461
156.587,163.098
156.652,209.773
156.738,291.194
156.87,426.335
156.948,481.829
157.021,499.342
157.089,481.473
157.164,429.11
157.363,235.623
157.434,180.708
157.498,142.889
157.563,115.243
157.631,95.0901
157.709,79.7767
157.807,67.6516
157.93,58.1364
158.081,50.6521
158.319,43.0718
158.643,36.4781
159.076,30.7855
159.595,26.2493
160.309,22.0864
161.282,18.3884
162.449,15.496
163.661,13.4344
165.381,11.353
170.475,6.83841
171.861,5.15454
172.249,4.71011
172.437,4.63247
172.582,4.75362
172.685,5.0404
172.762,5.46138
172.839,6.20006
172.903,7.24284
172.955,8.54316
172.998,10.1843
173.042,12.552
173.08,15.4078
173.117,19.3201
173.149,23.7851
173.185,30.3023
173.221,38.8862
173.257,50.0333
173.294,65.0721
173.338,87.7098
173.384,117.885
173.436,161.766
173.507,234.502
173.661,412.481
173.734,475.651
173.804,503.395
173.824,504.48
173.893,485.132
173.973,424.321
174.169,219.942
174.24,160.481
174.299,122.628
174.347,98.9565
174.401,79.175
174.457,64.2305
174.513,53.67
174.578,45.2853
174.658,38.2945
174.752,32.9539
174.877,28.3015
175.033,24.4996
175.248,21.1167
175.516,18.4103
175.874,16.1228
176.329,14.2917
177.089,12.469
178.161,11.006
179.913,9.65438
182.237,8.55668
187.392,6.60485
188.863,5.74753
189.746,4.949
190.428,4.03112
190.92,3.24311
191.033,3.15874
191.12,3.23588
191.17,3.40432
191.221,3.74112
191.258,4.16891
191.294,4.79126
191.334,5.80611
191.369,7.14111
191.404,9.02414
191.436,11.3038
191.467,14.3124
191.503,18.7894
191.539,24.8861
191.576,32.9239
191.616,44.2305
191.661,60.7092
191.709,82.7719
191.771,117.793
191.885,196.359
191.99,265.404
192.068,297.057
192.124,304.459
192.186,296.411
192.263,265.312
192.411,173.712
192.501,120.75
192.569,89.2577
192.63,68.259
192.683,54.4047
192.737,44.2641
192.789,37.1403
192.852,31.1131
192.916,27.0446
192.992,23.7564
193.094,20.8935
193.237,18.3296
193.438,16.072
193.705,14.1982
194.066,12.6425
194.668,11.1473
195.471,10.0452
196.594,9.1723
198.294,8.41365
201.943,7.33136
202.442,7.03659
202.589,7.14271
202.759,7.77437
203.029,9.35561
203.147,9.56627
203.329,9.11255
203.572,8.24376
203.792,7.86199
204.526,7.49336
207.579,6.996
217.294,5.91961
218.548,5.57199
219.241,5.15719
219.365,5.3289
219.432,5.64755
219.512,6.37159
219.578,7.36243
219.65,8.92045
219.759,12.0609
219.908,16.578
220.003,18.3571
220.056,18.683
220.135,18.2307
220.233,16.4459
220.449,11.2017
220.546,9.51244
220.643,8.40735
220.759,7.64712
220.941,7.09521
221.122,6.83225
221.782,6.40693
223.979,5.92344
226.173,5.51881
226.508,5.40123
226.715,5.51249
227.137,6.25376
227.188,6.27403
227.898,5.72184
232.364,4.89421
233.588,4.45157
234.218,4.03975
234.308,4.09465
234.389,4.33009
234.45,4.72218
234.51,5.40375
234.571,6.48524
234.632,8.07272
234.697,10.4041
234.776,14.1342
234.97,24.9408
235.06,28.4313
235.143,29.5888
235.23,28.437
235.33,24.6912
235.532,15.0917
235.618,11.9449
235.69,10.0297
235.77,8.55969
235.861,7.52267
235.973,6.78683
236.108,6.3108
236.396,5.79627
237.044,5.22261
238.662,4.18801
239.334,3.57352
239.433,3.66004
239.507,3.95674
239.556,4.36282
239.605,5.02782
239.655,6.0548
239.698,7.34523
239.743,9.17823
239.79,11.7404
239.844,15.587
239.904,21.0523
239.987,30.5402
240.155,52.0036
240.245,60.2949
240.326,63.2921
240.334,63.3235
240.409,61.3719
240.493,54.9937
240.724,29.4344
240.808,22.0449
240.871,17.8412
240.933,14.7583
241.007,12.1652
241.069,10.6971
241.143,9.50407
241.241,8.50912
241.382,7.68696
241.613,6.91621
241.997,6.14876
242.691,5.15081
242.728,5.14225
242.84,5.28963
242.915,5.61401
243.004,6.33583
243.104,7.62993
243.343,11.5307
243.439,12.4051
243.496,12.5419
243.6,12.0595
243.784,9.85553
243.941,8.05404
244.079,7.04823
244.266,6.35505
244.602,5.82208
245.447,5.03499
245.507,5.02714
245.685,5.22976
246.05,6.36177
246.14,6.43747
246.292,6.22227
246.543,5.6458
246.585,5.62049
246.73,5.81564
247.056,7.05006
247.144,7.16585
247.318,6.91303
247.617,6.02438
247.764,5.74867
248.176,5.38439
249.705,4.84597
253.444,3.83148
255.149,3.16
256.792,2.31452
257.025,2.26292
257.242,2.31744
257.397,2.48332
257.513,2.74067
257.61,3.10945
257.687,3.57657
257.755,4.19497
257.815,5.00821
257.869,6.08187
257.916,7.39048
257.962,9.22472
258.001,11.3154
258.041,14.2298
258.083,18.3217
258.125,23.8477
258.167,31.2371
258.208,40.7865
258.251,53.6719
258.297,71.9065
258.348,97.8962
258.404,134.273
258.469,187.889
258.556,276.281
258.733,473.813
258.826,547.326
258.909,573.113
258.915,573.293
258.99,556.229
259.064,507.903
259.188,384.21
259.32,245.114
259.398,178.009
259.464,132.654
259.524,101.526
259.584,78.2194
259.641,61.829
259.697,50.251
259.762,40.7285
259.818,34.9783
259.892,29.6017
259.985,25.1504
260.109,21.3339
260.264,18.255
260.481,15.4698
260.76,13.1923
261.132,11.2862
261.597,9.7976
262.217,8.56125
263.023,7.56305
264.108,6.71721
265.689,5.92533
269.198,4.75752
272.976,3.52364
275.046,2.62012
276.288,2.04813
276.754,1.93999
276.806,1.93878
277.025,1.97407
277.258,2.11692
277.433,2.33935
277.608,2.72008
277.753,3.22322
277.879,3.86647
277.996,4.71419
278.093,5.69332
278.19,7.03799
278.28,8.78587
278.358,10.8602
278.423,13.2
278.487,16.3661
278.546,20.2494
278.596,24.7498
278.648,30.8955
278.7,39.1674
278.751,50.3285
278.803,65.3441
278.855,85.3811
278.904,110.279
278.958,145.921
279.013,191.593
279.079,262.233
279.155,365.487
279.269,554.857
279.432,833.693
279.53,946.81
279.615,982.821
279.707,948.293
279.802,842.938
280.066,419.889
280.151,308.584
280.217,240.558
280.287,184.875
280.353,145.59
280.423,115.214
280.485,95.5641
280.563,77.9557
280.638,65.9797
280.726,56.0111
280.836,47.3455
280.984,39.4281
281.178,32.6211
281.411,27.236
281.696,22.8695
282.019,19.5418
282.472,16.4702
283.041,14.0039
283.701,12.1446
284.573,10.5264
286.057,8.74268
287.192,7.57702
287.338,7.78695
287.464,8.52889
287.573,9.83273
287.705,12.2848
287.91,16.4997
288.024,17.7663
288.07,17.883
288.181,17.2344
288.355,14.4584
288.534,11.4587
288.652,10.0981
288.771,9.24146
288.955,8.54139
289.139,8.19087
289.809,7.55548
293.433,5.66395
294.31,4.96754
294.882,4.23079
295.263,3.59655
295.318,3.56468
295.396,3.63997
295.462,3.90261
295.517,4.35022
295.573,5.10299
295.624,6.18517
295.678,7.78932
295.731,10.0014
295.785,12.9179
295.846,17.1901
295.92,23.6973
296.059,38.7269
296.19,52.267
296.287,58.6779
296.359,60.4358
296.44,59.0688
296.532,53.9091
296.812,29.8299
296.904,23.6709
296.995,19.1304
297.085,16.0393
297.172,14.0257
297.288,12.3151
297.462,10.8667
297.672,9.88385
297.978,9.03335
298.405,8.31711
299.228,7.5446
300.448,6.92818
302.766,6.27722
313.616,4.41618
316.19,3.73842
317.642,3.16446
318.896,2.46073
319.688,1.95666
319.991,1.85797
320.021,1.85797
320.172,1.9081
320.306,2.06518
320.407,2.31047
320.491,2.6621
320.558,3.10214
320.617,3.66788
320.675,4.4875
320.729,5.555
320.775,6.83169
320.821,8.5564
320.867,10.8795
320.913,13.9904
320.96,18.1207
321.008,23.8391
321.056,31.3318
321.107,41.4771
321.16,55.0451
321.219,74.4739
321.289,103.195
321.378,149.473
321.62,296.992
321.719,340.631
321.813,358.281
321.83,358.628
321.914,347.544
321.998,317.926
322.152,234.788
322.295,155.164
322.381,116.268
322.46,88.1584
322.526,70.2084
322.599,55.3942
322.668,45.114
322.737,37.6747
322.816,31.6536
322.905,26.9929
323.021,22.968
323.153,19.9253
323.351,16.942
323.604,14.5039
323.934,12.4707
324.352,10.8347
324.968,9.35142
325.672,8.30365
326.552,7.45919
328.048,6.56402
330.468,5.67587
334.55,4.50331
335.39,4.14966
336.055,3.76556
336.204,3.89531
336.291,4.18326
336.379,4.74201
336.466,5.66839
336.545,6.8686
336.65,8.98313
336.878,14.16
336.99,15.7574
337.066,16.0924
337.173,15.4916
337.311,13.3194
337.534,9.09092
337.65,7.45235
337.766,6.36182
337.875,5.71765
338.05,5.15732
338.365,4.71186
339.03,4.25401
342.969,2.50363
344.094,1.97245
344.558,1.84585
344.712,1.8435
344.98,1.93164
345.138,2.07214
345.296,2.31984
345.428,2.64969
345.56,3.15018
345.667,3.74821
345.759,4.45586
345.85,5.43553
345.933,6.67753
346.003,8.12478
346.074,10.1129
346.141,12.7748
346.198,15.8098
346.254,19.8906
346.31,25.404
346.366,32.8529
346.422,42.8673
346.479,56.2008
346.532,72.7169
346.591,96.2728
346.653,127.948
346.723,173.69
346.805,240.191
346.926,361.04
347.109,551.689
347.21,626.728
347.305,657.728
347.327,658.682
347.416,638.23
347.519,571.98
347.73,367.795
347.857,252.89
347.945,189.218
348.021,146.766
348.097,114.486
348.169,91.7912
348.248,73.6536
348.327,60.7401
348.425,49.5961
348.538,41.1342
348.678,34.1976
348.847,28.727
349.072,23.9295
349.318,20.4245
349.663,17.1537
350.084,14.5504
350.647,12.3184
351.352,10.5228
352.202,9.03846
352.655,8.74064
352.675,8.74057
352.764,8.74208
353.182,8.49939
353.94,7.60826
356.211,6.03473
357.773,4.90358
358.469,4.16679
359.196,3.09836
359.228,3.08222
359.325,3.16157
359.389,3.40021
359.444,3.80302
359.489,4.33534
359.534,5.11289
359.579,6.20765
359.624,7.70239
359.675,9.97529
359.726,13.0037
359.782,17.4091
359.845,23.8272
359.918,33.3113
360.016,49.1257
360.23,87.6986
360.333,101.071
360.432,106.548
360.441,106.629
360.534,103.517
360.637,92.7234
360.923,48.4196
361.021,36.2726
361.098,28.8675
361.171,23.6703
361.243,19.8432
361.33,16.6434
361.417,14.5161
361.533,12.717
361.662,11.4885
361.855,10.3539
362.177,9.22979
362.563,8.40513
363.387,7.39283
364.314,6.73436
366.168,5.92323
372.051,4.08989
373.702,3.34519
374.778,2.65204
375.684,1.9382
375.93,1.81898
375.972,1.81432
376.071,1.83907
376.184,1.97108
376.267,2.19992
376.333,2.52438
376.386,2.92772
376.439,3.52022
376.485,4.25702
376.532,5.2736
376.578,6.66483
376.624,8.55062
376.669,10.9608
376.716,14.3481
376.763,18.7963
376.81,24.5466
376.86,32.3474
376.913,42.8236
376.975,58.5328
377.043,80.1929
377.126,113.074
377.26,177.41
377.419,253.584
377.525,288.711
377.626,301.392
377.633,301.409
377.721,292.261
377.83,259.81
378.132,126.716
378.223,94.4181
378.302,72.2513
378.379,56.0056
378.455,44.0591
378.52,36.5968
378.591,30.6425
378.676,25.6367
378.761,22.2045
378.874,19.1285
379.006,16.7668
379.195,14.5539
379.431,12.7395
379.789,10.9695
380.167,9.7642
380.771,8.52184
381.677,7.3991
383.036,6.40033
385.362,5.32173
387.82,4.2329
388.749,3.59663
389.332,2.99261
389.61,2.66859
389.71,2.62184
389.804,2.71051
389.866,2.90811
389.929,3.29017
389.983,3.8458
390.038,4.68769
390.085,5.70607
390.139,7.33078
390.188,9.22888
390.242,11.9851
390.305,16.1375
390.379,22.4098
390.473,32.3866
390.739,65.3991
390.849,74.6376
390.947,77.6383
391.033,75.827
391.139,68.6411
391.337,47.417
391.469,33.7883
391.566,25.8576
391.649,20.6953
391.729,17.0318
391.816,14.2053
391.92,11.9686
392.024,10.5532
392.163,9.38909
392.398,8.27679
392.732,7.39913
393.314,6.5406
394.008,5.95215
395.173,5.35752
397.56,4.64163
404.042,3.37559
410.321,2.15236
414.266,1.3146
415.103,1.19268
415.452,1.17669
415.818,1.21375
416.016,1.27891
416.213,1.40999
416.341,1.5665
416.428,1.7388
416.515,2.00962
416.588,2.36384
416.646,2.78155
416.704,3.37685
416.762,4.22456
416.812,5.21644
416.864,6.62634
416.917,8.50985
416.969,10.9866
417.021,14.1843
417.082,18.9955
417.15,25.9287
417.223,35.4077
417.321,51.1936
417.577,99.5474
417.693,115.189
417.793,120.454
417.803,120.491
417.898,116.463
418.005,103.412
418.172,72.6362
418.314,46.3365
418.401,33.0374
418.475,24.158
418.542,17.802
418.598,13.6736
418.656,10.37
418.707,8.15846
418.758,6.46136
418.808,5.17465
418.864,4.13691
418.925,3.3132
418.986,2.73138
419.057,2.2597
419.128,1.93388
419.212,1.66522
419.308,1.45215
419.468,1.21631
419.66,1.03729
419.852,0.922665
420.14,0.827304
420.427,0.798082
420.687,0.8185
420.947,0.881011
421.21,0.989041
421.525,1.1847
421.84,1.46717
422.144,1.84648
422.41,2.30662
422.59,2.74627
422.71,3.17308
422.815,3.73956
422.897,4.41887
422.971,5.33288
423.033,6.42035
423.095,7.92165
423.157,9.97059
423.219,12.7171
423.286,16.6636
423.354,21.8173
423.436,29.8888
423.537,42.3924
423.802,80.6698
423.922,93.2144
424.026,97.9303
424.046,98.078
424.162,94.3447
424.307,81.0156
424.532,55.4266
424.634,46.4233
424.735,40.2061
424.832,36.6858
424.929,35.197
424.977,35.072
425.123,36.5661
425.317,41.6974
425.515,49.8902
425.726,62.2998
425.907,76.9902
426.083,96.6241
426.237,120.136
426.376,148.784
426.515,187.968
426.643,237.85
426.749,293.593
426.863,374.731
426.969,475.39
427.075,608.014
427.194,803.723
427.326,1085.15
427.524,1614.82
427.748,2226.47
427.908,2517.32
428.014,2586.88
428.155,2509.25
428.315,2219.48
428.714,1203.73
428.864,903.574
428.987,714.393
429.11,571.266
429.238,461.407
429.37,378.024
429.533,304.33
429.718,245.971
429.904,204.512
430.141,166.572
430.419,135.753
430.75,110.366
431.12,90.6572
431.534,75.1984
432.058,61.6315
432.693,50.5134
433.464,41.4687
434.345,34.5011
435.402,28.8624
436.46,24.9556
437.87,21.3164
439.633,18.2374
442.1,15.3965
444.92,13.2687
449.15,11.1704
456.622,8.47005
457.66,7.9153
457.856,8.09862
457.963,8.56684
458.043,9.28086
458.124,10.4866
458.204,12.3859
458.28,15.0462
458.355,18.6012
458.444,24.1294
458.565,33.9341
458.795,54.5528
458.92,62.3309
459.029,64.6411
459.128,62.6701
459.251,55.6374
459.555,30.5045
459.652,24.0254
459.741,19.4552
459.83,16.1223
459.917,13.8578
460.019,12.1536
460.154,10.878
460.357,10.0049
460.738,9.35388
461.707,8.63164
465.014,7.41973
467.459,6.48227
467.733,6.66565
468.002,7.37861
468.322,8.32744
468.433,8.42374
468.622,8.21563
469.075,7.03803
469.23,6.7643
469.788,6.27605
472.848,4.67981
474.285,3.66881
475.579,2.4922
476.226,1.89378
476.549,1.70212
476.657,1.68111
476.819,1.72058
476.937,1.83017
477.067,2.07051
477.164,2.37426
477.261,2.83754
477.341,3.40265
477.419,4.16665
477.491,5.16344
477.555,6.40035
477.62,8.09619
477.677,10.141
477.735,12.881
477.793,16.5597
477.847,21.211
477.899,26.97
477.951,34.4021
478.002,43.9191
478.063,58.2821
478.123,76.9291
478.184,100.695
478.254,135.926
478.333,186.195
478.424,258.228
478.559,390.271
478.776,615.85
478.894,705.322
479.005,744.098
479.039,745.884
479.15,718.545
479.279,632.212
479.607,323.306
479.714,240.676
479.809,183.732
479.888,147.079
479.978,115.887
480.069,92.6791
480.15,78.0066
480.242,65.8529
480.351,55.8235
480.496,46.8415
480.663,40.1032
480.872,34.4501
481.171,29.1101
481.53,24.9409
481.961,21.6431
482.536,18.7764
483.399,16.1201
484.405,14.2271
486.13,12.3256
488.372,10.9287
491.902,9.53878
492.233,9.71165
492.826,10.5628
492.867,10.5671
493.784,9.56509
496.424,8.80119
497.236,9.12371
499.016,8.57895
508.76,7.30461
509.88,7.0152
510.142,7.24919
510.309,7.82519
510.466,8.86433
510.888,12.9381
511.044,13.6454
511.073,13.6702
511.217,13.2962
511.441,11.558
511.682,9.49835
511.866,8.45174
512.047,7.93705
512.194,7.81592
512.84,8.22701
514.085,7.57245
517.359,7.11258
527.335,6.13813
529.58,5.71663
530.804,5.2468
531.371,4.82316
531.799,4.41065
531.884,4.40792
532.019,4.63435
532.109,5.06113
532.199,5.8316
532.28,6.9125
532.37,8.63136
532.46,10.939
532.593,15.3273
532.854,24.7921
532.989,27.9907
533.097,28.8763
533.194,28.3045
533.324,25.8493
533.684,15.6899
533.819,12.8248
533.954,10.8484
534.082,9.64074
534.273,8.61799
534.503,8.00265
535.016,7.36491
536.208,6.73914
538.66,6.18199
544.533,5.39904
545.95,5.30898
546.996,5.46119
547.557,5.83534
547.941,6.45667
548.198,7.28706
548.36,8.19778
548.495,9.41687
548.613,11.1061
548.714,13.3333
548.799,16.0383
548.885,19.9449
548.968,25.2511
549.052,32.5141
549.135,42.2164
549.222,55.36
549.328,76.0691
549.453,106.57
549.75,188.095
549.892,214.823
550.019,223.117
550.132,216.28
550.27,192.172
550.645,94.5166
550.762,69.7335
550.862,53.1723
550.957,41.3145
551.045,33.0781
551.143,26.351
551.242,21.6313
551.354,17.9536
551.466,15.4536
551.627,13.0983
551.831,11.2149
552.059,9.85336
552.438,8.41279
552.97,7.20309
553.635,6.27003
554.625,5.39247
555.275,5.03339
555.665,4.9488
556.068,5.10877
556.328,5.53606
556.484,6.0782
556.614,6.86372
556.718,7.88284
556.809,9.24733
556.887,10.9547
556.965,13.3844
557.043,16.8265
557.115,21.2435
557.188,27.2785
557.262,35.2963
557.342,46.9021
557.422,61.7311
557.513,83.1331
557.622,114.888
557.959,231.451
558.096,264.644
558.218,276.544
558.231,276.672
558.334,269.986
558.473,241.726
558.714,165.136
558.883,112.919
558.991,85.9322
559.099,65.3159
559.201,50.7174
559.292,41.1974
559.396,33.3817
559.5,27.9361
559.625,23.4782
559.773,20.0179
559.942,17.4106
560.195,14.8771
560.524,12.7979
560.93,11.1373
561.417,9.81588
562.263,8.34335
563.671,6.77623
565.432,5.0113
566.081,4.08061
566.388,3.65365
566.434,3.63788
566.526,3.7096
566.619,4.00329
566.688,4.45041
566.757,5.17198
566.829,6.29876
566.901,7.90564
566.972,10.0803
567.052,13.2257
567.152,18.3093
567.3,27.764
567.52,42.2133
567.651,48.0344
567.77,49.917
567.897,48.032
568.04,41.9871
568.343,25.0743
568.462,19.8795
568.548,17.2188
568.617,15.7859
568.702,14.9265
568.719,14.887
568.788,15.2105
568.86,16.4825
568.931,18.8456
569.003,22.5381
569.074,27.8304
569.145,35.0113
569.228,46.1292
569.323,62.7849
569.43,86.5031
569.772,177.425
569.905,202.073
570.032,210.832
570.152,204.096
570.29,180.876
570.653,91.7715
570.769,68.7906
570.872,53.1592
570.967,42.2144
571.062,34.1972
571.169,27.887
571.289,23.1953
571.411,20.1331
571.557,17.7579
571.8,15.3765
572.114,13.5709
572.589,11.9328
573.171,10.7203
573.847,9.81711
575.273,8.68256
577.648,7.64945
584.375,5.77618
586.243,4.93088
586.477,5.06058
586.591,5.38516
586.677,5.87542
586.763,6.70877
586.835,7.78196
586.914,9.51556
586.986,11.7474
587.067,15.1742
587.149,19.736
587.242,26.5137
587.351,36.4293
587.674,71.1112
587.808,81.2777
587.932,85.043
587.944,85.0772
588.059,82.5152
588.189,74.0477
588.562,38.3128
588.683,29.0842
588.788,22.9305
588.88,18.9739
588.983,15.7413
589.087,13.5308
589.19,12.0392
589.356,10.5735
589.618,9.36895
589.909,8.64245
590.297,8.03945
591.002,7.37732
592.354,6.6703
599.175,4.55489
600.368,4.21235
600.462,4.20806
600.815,4.2946
601.059,4.54822
601.222,4.91932
601.341,5.39273
601.455,6.12301
601.549,7.07078
601.644,8.5016
601.729,10.4013
601.805,12.776
601.881,16.0169
601.962,20.7534
602.046,27.2929
602.129,35.9069
602.224,48.7391
602.333,67.4347
602.479,98.5767
602.75,161.476
602.879,183.421
603.009,194.026
603.052,194.529
603.156,189.541
603.288,172.183
603.513,126.161
603.71,85.6036
603.838,64.53
603.949,50.4153
604.055,40.2452
604.161,32.7853
604.28,26.8551
604.409,22.4985
604.56,19.0961
604.75,16.3426
605.017,13.8921
605.327,12.0508
605.793,10.218
606.588,8.06161
606.859,7.45276
607.045,7.2485
607.163,7.40855
607.265,7.90456
607.344,8.64498
607.437,10.0473
607.529,12.1835
607.622,15.1808
607.733,19.9738
607.904,29.406
608.129,42.0553
608.271,47.1352
608.379,48.376
608.503,46.8317
608.646,41.749
609.0,24.6819
609.149,19.2098
609.262,16.2554
609.403,13.7538
609.557,12.0919
609.768,10.8627
610.021,10.0842
610.64,9.10836
611.855,8.17771
613.533,7.4995
616.272,6.85546
623.68,5.84276
633.121,4.68539
636.346,4.10444
638.765,3.47274
640.646,2.76163
641.963,2.18337
642.393,2.09069
642.635,2.13463
642.85,2.30442
643.011,2.58852
643.119,2.9131
643.226,3.42166
643.32,4.11043
643.401,4.98588
643.468,6.0135
643.535,7.42553
643.6,9.27775
643.664,11.7881
643.729,15.1728
643.793,19.6997
643.86,25.9757
643.928,34.2565
643.99,44.0393
644.065,59.2949
644.148,81.1719
644.237,110.9
644.342,154.895
644.495,233.899
644.747,371.622
644.893,426.732
645.026,445.957
645.037,446.009
645.167,429.087
645.323,372.648
645.689,187.673
645.812,137.91
645.915,104.91
646.009,81.8584
646.102,64.7427
646.196,51.9831
646.29,42.7731
646.398,35.3768
646.529,29.3594
646.67,25.1165
646.834,21.8123
647.069,18.6982
647.392,15.9499
647.795,13.7408
648.333,11.86
649.098,10.2082
650.12,8.88391
651.557,7.77636
653.654,6.82552
657.309,5.85131
667.528,3.96514
669.735,3.35074
670.956,2.82634
671.779,2.29784
672.169,1.99614
672.361,1.9221
672.454,1.96819
672.546,2.13231
672.624,2.42051
672.685,2.80155
672.747,3.36959
672.804,4.1203
672.86,5.11075
672.916,6.42216
672.972,8.12295
673.038,10.7798
673.105,14.2257
673.182,19.3011
673.271,26.7878
673.375,37.9201
673.528,57.8014
673.759,88.9976
673.893,102.053
674.024,107.557
674.042,107.669
674.167,104.164
674.288,94.5495
674.51,67.8929
674.694,45.6293
674.814,33.9158
674.922,25.7709
675.018,20.3404
675.111,16.4792
675.214,13.4396
675.316,11.369
675.419,9.96519
675.556,8.74741
675.766,7.65642
676.057,6.78807
676.523,5.96493
677.072,5.35786
678.169,4.60845
679.814,3.90388
685.178,2.16254
686.354,1.67401
687.068,1.28187
687.383,1.10694
687.488,1.08818
687.593,1.13251
687.672,1.23984
687.737,1.40506
687.803,1.66718
687.869,2.05874
687.928,2.55328
687.993,3.29965
688.059,4.29643
688.126,5.6163
688.205,7.61456
688.286,10.2273
688.391,14.421
688.546,21.9809
688.779,33.5979
688.924,38.505
689.055,40.0952
689.189,38.6348
689.328,34.3471
689.704,17.9825
689.834,13.5067
689.939,10.8042
690.046,8.79087
690.154,7.42567
690.277,6.46609
690.369,6.04885
690.49,5.77018
690.608,5.70023
690.786,5.84968
691.024,6.40963
691.261,7.38839
691.478,8.76256
691.675,10.5799
691.839,12.7094
692.002,15.6772
692.15,19.4245
692.272,23.7046
692.389,29.1781
692.5,36.1329
692.608,45.2488
692.723,58.1821
692.837,75.5318
692.954,98.8591
693.083,132.473
693.23,181.637
693.46,276.534
693.731,389.03
693.895,433.624
694.046,447.629
694.196,433.122
694.382,382.487
694.823,211.878
694.999,156.974
695.154,120.248
695.298,95.2222
695.441,76.9006
695.584,63.5472
695.756,52.0711
695.945,43.2324
696.17,35.8239
696.44,29.6446
696.751,24.6773
697.144,20.3045
697.537,17.2623
697.766,16.1578
697.889,15.9377
698.061,16.3678
698.208,17.7057
698.38,20.6239
698.821,31.2926
698.99,33.2524
699.032,33.3275
699.198,31.9413
699.403,27.2895
699.732,18.3306
699.898,14.9953
700.064,12.7514
700.21,11.4897
700.357,10.671
700.649,9.71195
701.235,8.63572
702.452,7.2134
704.074,5.95792
705.807,5.02718
707.578,4.35914
709.126,4.00366
710.232,3.92833
711.438,4.11891
712.242,4.48963
713.046,5.16693
713.714,6.0944
714.333,7.40776
714.864,9.04605
715.336,11.0829
715.808,13.9148
716.221,17.3371
716.634,22.0493
717.018,28.1297
717.327,34.8084
717.644,44.0549
717.939,55.8722
718.198,69.9885
718.433,87.4599
718.651,109.247
718.858,137.347
719.038,170.568
719.219,215.418
719.392,273.878
719.547,343.589
719.72,447.211
719.905,593.958
720.115,811.583
720.634,1464.86
720.811,1631.67
721.015,1719.87
721.024,1720.75
721.201,1686.08
721.401,1540.21
722.025,832.798
722.239,640.594
722.445,500.186
722.652,397.225
722.859,322.361
723.072,265.708
723.331,216.371
723.611,178.168
723.965,144.198
724.319,120.195
724.783,97.9439
725.248,82.2389
725.867,67.4632
726.59,55.6166
727.49,45.6099
728.523,37.8654
729.703,31.8358
731.03,27.1014
732.8,22.7521
735.013,19.0726
738.11,15.5905
746.075,9.09663
747.641,7.32934
748.662,5.74532
749.44,4.16255
749.944,3.08187
750.078,2.91346
750.146,2.89417
750.246,3.01026
750.323,3.28242
750.388,3.70036
750.452,4.3633
750.506,5.16788
750.56,6.27209
750.613,7.75712
750.671,9.88961
750.732,12.8677
750.793,16.8453
750.854,22.0137
750.915,28.6119
750.985,38.2211
751.059,51.2979
751.14,69.133
751.237,96.0086
751.355,136.876
751.565,224.848
751.758,304.846
751.91,348.935
752.047,365.057
752.065,365.261
752.204,352.254
752.376,306.31
752.758,165.205
752.903,122.019
753.024,94.4412
753.145,74.0169
753.252,60.8553
753.384,49.5769
753.512,42.2217
753.639,37.1642
753.844,31.8769
754.099,27.7718
754.4,24.6049
754.9,21.2033
755.65,18.0925
756.483,15.9135
757.47,14.3925
757.799,14.2978
758.089,14.7403
758.312,15.9731
758.461,17.7924
758.591,20.6245
758.697,24.2608
758.798,29.3826
758.899,36.6313
759.001,46.5597
759.114,61.3426
759.235,82.0016
759.392,115.749
759.71,192.397
759.881,221.993
760.026,232.483
760.043,232.671
760.174,226.942
760.343,202.912
760.794,106.525
760.943,81.2166
761.079,63.7753
761.202,52.1322
761.343,42.7438
761.483,36.3975
761.672,30.9551
761.92,26.7189
762.251,23.4589
762.64,21.1353
763.223,18.9864
764.262,16.8248
765.627,15.2526
768.109,13.6753
772.578,12.1816
780.522,10.7626
800.386,8.5805
803.188,8.01241
804.802,7.34373
805.551,6.74577
806.143,6.14768
806.171,6.14468
806.346,6.36144
806.465,6.91067
806.554,7.68325
806.643,8.88976
806.738,10.7928
806.833,13.4686
806.94,17.5278
807.071,24.0287
807.284,37.3648
807.505,50.8885
807.669,57.3184
807.8,58.9102
807.938,56.939
808.089,51.1996
808.508,29.4249
808.656,23.4676
808.804,19.1615
808.953,16.2837
809.116,14.3149
809.339,12.8344
809.695,11.719
810.407,10.7379
811.453,10.056
814.229,9.28265
821.636,8.48668
842.815,6.92564
847.675,6.25113
849.362,5.79258
850.675,5.14484
850.858,5.27945
850.98,5.5774
851.102,6.14277
851.233,7.15563
851.373,8.79825
851.537,11.4411
851.92,18.6282
852.1,20.7136
852.22,21.1254
852.351,20.6303
852.55,18.374
852.953,12.1962
853.141,10.084
853.307,8.81653
853.506,7.88349
853.745,7.27345
854.2,6.72111
855.582,5.93341
858.18,4.75128
859.53,3.89432
860.475,3.1237
860.61,3.07838
860.737,3.1376
860.863,3.40039
860.948,3.77508
861.032,4.4013
861.106,5.24072
861.18,6.44803
861.253,8.13292
861.327,10.4202
861.403,13.5428
861.486,18.0011
861.574,24.1213
861.672,32.8842
861.791,46.1161
861.974,70.9348
862.237,107.724
862.392,122.638
862.541,128.032
862.551,128.041
862.675,124.447
862.829,111.724
863.097,77.5167
863.295,52.6522
863.437,38.3672
863.55,29.5125
863.664,22.8482
863.778,18.0274
863.884,14.8484
863.989,12.5831
864.116,10.7036
864.263,9.24597
864.449,8.03959
864.744,6.77815
865.217,5.3788
865.61,4.5134
865.816,4.29868
865.839,4.29727
865.976,4.44337
866.091,4.85485
866.187,5.48175
866.283,6.44306
866.39,8.00362
866.501,10.1994
866.637,13.6989
867.041,26.0777
867.202,29.2643
867.332,30.1022
867.479,29.0963
867.844,22.4962
867.94,21.9288
868.013,22.5209
868.072,23.8814
868.143,26.7659
868.213,31.2999
868.293,38.7286
868.372,48.9922
868.46,64.1142
868.557,85.5902
868.672,117.499
868.851,179.042
869.141,283.854
869.292,322.015
869.44,338.522
869.471,338.964
869.623,326.171
869.758,296.873
870.061,200.839
870.264,139.242
870.402,105.981
870.534,81.6355
870.651,65.577
870.769,53.8217
870.885,45.4584
871.024,38.4485
871.192,32.8936
871.415,28.2291
871.694,24.5892
872.044,21.6375
872.484,19.1695
873.189,16.6594
874.247,14.4372
875.628,12.7481
877.39,11.4502
880.21,10.1897
887.708,7.95847
889.853,6.96043
890.997,6.04378
891.801,5.01813
892.159,4.58045
892.248,4.57395
892.382,4.79497
892.463,5.15303
892.552,5.86768
892.624,6.77622
892.704,8.28396
892.776,10.1799
892.856,13.0998
892.936,17.0331
893.013,21.8722
893.11,29.7627
893.221,41.3463
893.353,58.6736
893.757,119.795
893.914,136.092
894.06,142.1
894.08,142.156
894.236,136.417
894.408,119.6
894.822,64.721
894.965,49.633
895.09,39.4439
895.224,31.4424
895.359,25.9105
895.493,22.2006
895.627,19.7342
895.823,17.4773
896.145,15.4656
896.574,14.0029
897.289,12.6301
898.505,11.409
900.006,10.6081
903.009,9.7776
908.397,9.0529
929.379,7.56965
934.285,6.90776
936.175,6.38144
937.458,5.75277
938.301,5.06107
938.976,4.3246
939.078,4.28674
939.229,4.42569
939.318,4.70482
939.413,5.27516
939.489,6.02139
939.565,7.11852
939.641,8.66864
939.717,10.7859
939.802,13.9959
939.888,18.2433
939.986,24.6269
940.085,32.7121
940.225,46.9746
940.637,97.1298
940.812,112.005
940.971,116.938
941.109,113.84
941.265,103.226
941.569,71.1061
941.778,49.9836
941.929,37.986
942.062,30.1498
942.195,24.5229
942.309,21.1115
942.469,17.9056
942.638,15.8426
942.891,14.0829
943.229,12.8092
943.735,11.7205
944.815,10.5162
946.03,9.82723
948.46,9.13406
953.408,8.53131
967.251,7.90492
1038.44,6.41414
1047.94,5.98934
1052.84,5.51859
1055.46,4.97147
1056.69,4.45078
1057.34,4.12519
1057.53,4.20204
1057.68,4.47105
1057.79,4.87147
1057.93,5.68567
1058.06,6.81264
1058.21,8.71136
1058.4,11.8421
1058.74,18.0479
1058.94,20.463
1059.09,21.0871
1059.25,20.4374
1059.45,17.9478
1059.89,10.6505
1060.07,8.35738
1060.2,7.17616
1060.31,6.59669
1060.41,6.40593
1060.49,6.56479
1060.58,7.13189
1060.68,8.28566
1060.76,9.77372
1060.84,11.8293
1060.94,15.1617
1061.04,20.0317
1061.16,27.2154
1061.31,38.3384
1061.73,74.9594
1061.92,85.8111
1062.07,89.2353
1062.09,89.2418
1062.25,86.1266
1062.43,76.3784
1062.89,41.438
1063.04,31.8753
1063.19,25.3017
1063.33,20.5042
1063.47,17.1632
1063.6,15.0654
1063.79,13.0623
1064.03,11.6548
1064.32,10.7004
1064.97,9.56092
1066.06,8.59982
1067.42,7.98345
1070.13,7.36001
1075.74,6.77834
1102.75,5.31066
1108.28,4.75081
1110.46,4.30466
1111.67,3.81988
1112.16,3.63419
1112.31,3.71138
1112.47,4.0046
1112.59,4.46993
1112.71,5.25374
1112.82,6.35827
1112.92,7.87029
1113.05,10.215
1113.18,13.6941
1113.37,19.6667
1113.7,31.7875
1113.9,36.7521
1114.07,38.4699
1114.08,38.4861
1114.23,37.4566
1114.4,34.0158
1114.92,18.2559
1115.1,13.9846
1115.24,11.6569
1115.38,9.81638
1115.53,8.55883
1115.67,7.72292
1115.87,7.0295
1116.23,6.36529
1117.0,5.75309
1118.39,5.20743
1122.26,4.38748
1128.28,3.21981
1133.19,2.08791
1134.22,1.9607
1134.57,1.95938
1135.07,2.02227
1135.58,2.2026
1135.96,2.45837
1136.34,2.87359
1136.68,3.4579
1136.96,4.13306
1137.23,5.07446
1137.47,6.19499
1137.69,7.58462
1137.91,9.45821
1138.13,12.0351
1138.33,15.1446
1138.49,18.7493
1138.65,23.4723
1138.81,29.9564
1138.95,37.546
1139.09,47.8077
1139.22,60.7068
1139.35,77.9127
1139.48,101.66
1139.61,131.781
1139.75,175.875
1139.91,238.232
1140.09,326.768
1140.63,646.838
1140.82,729.263
1141.02,768.271
1141.06,769.417
1141.22,752.009
1141.43,682.026
1141.79,487.286
1142.08,338.147
1142.29,252.645
1142.47,195.136
1142.65,152.904
1142.83,124.217
1143.0,103.289
1143.2,85.2823
1143.43,71.7009
1143.7,59.771
1144.03,49.8626
1144.45,41.2077
1144.97,34.0917
1145.51,28.9076
1146.26,23.9611
1147.25,19.4265
1149.27,12.5737
1149.47,12.3812
1149.62,12.7571
1149.77,13.903
1149.92,16.1679
1150.05,19.1447
1150.19,23.909
1150.37,31.711
1150.79,52.9338
1150.99,59.6557
1151.15,61.3825
1151.31,59.9384
1151.51,53.9951
1152.01,33.8262
1152.23,27.3856
1152.43,23.188
1152.64,20.5037
1152.88,18.5622
1153.13,17.3821
1153.62,15.9676
1154.71,14.2286
1156.5,12.6362
1159.3,11.1945
1163.75,9.80562
1170.77,8.07728
1172.68,7.26404
1173.72,6.41246
1174.19,6.05048
1174.36,6.18489
1174.49,6.54732
1174.62,7.35826
1174.74,8.58487
1174.86,10.4545
1174.99,13.2505
1175.12,17.3635
1175.28,23.576
1175.76,46.1265
1175.95,52.106
1176.12,53.9688
1176.28,52.354
1176.47,47.2187
1176.98,27.2387
1177.15,22.0946
1177.32,18.3043
1177.49,15.7036
1177.69,13.7918
1177.96,12.3353
1178.4,11.2415
1179.22,10.314
1180.47,9.61117
1183.83,8.76435
1190.79,7.97825
1215.26,6.21635
1223.45,5.30969
1228.13,4.47934
1231.35,3.63372
1234.26,2.58776
1235.48,2.14673
1236.17,1.99524
1236.39,1.98608
1236.78,2.05174
1237.12,2.24304
1237.37,2.51917
1237.62,2.97248
1237.83,3.5536
1238.02,4.29096
1238.19,5.28144
1238.34,6.42016
1238.49,8.06483
1238.62,10.004
1238.76,12.6528
1238.87,15.7352
1238.98,19.6944
1239.09,24.9481
1239.2,31.9211
1239.31,41.1426
1239.42,53.6983
1239.54,70.7021
1239.66,93.8588
1239.79,124.888
1239.94,172.307
1240.12,239.197
1240.65,480.973
1240.86,547.556
1241.04,571.531
1241.07,571.977
1241.22,560.009
1241.42,510.175
1241.76,377.057
1242.06,256.307
1242.26,191.643
1242.43,150.813
1242.59,119.936
1242.76,97.2335
1242.93,79.8232
1243.11,67.4049
1243.33,56.5223
1243.6,47.2488
1243.97,39.2787
1244.41,33.052
1244.9,28.3422
1245.6,24.0011
1246.29,21.1001
1247.22,18.4786
1248.68,15.8482
1250.36,13.9954
1252.11,12.7337
1255.62,11.193
1259.14,10.2775
1266.74,9.1378
1281.95,7.92994
1296.47,6.86272
1302.17,6.1137
1305.45,5.33754
1307.44,4.54508
1308.72,3.78107
1310.15,2.67028
1310.41,2.56297
1310.6,2.63119
1310.73,2.83095
1310.82,3.12081
1310.92,3.59201
1311.02,4.32282
1311.1,5.2051
1311.18,6.57683
1311.27,8.26888
1311.35,10.513
1311.43,13.8155
1311.52,18.1669
1311.62,24.4263
1311.72,32.5119
1311.83,44.3548
1311.96,61.6076
1312.12,88.1658
1312.34,135.463
1312.69,208.106
1312.87,235.078
1313.05,246.648
1313.09,246.859
1313.27,237.608
1313.5,206.009
1314.0,110.191
1314.18,83.5094
1314.34,64.1063
1314.49,51.4402
1314.65,41.1021
1314.79,34.609
1314.97,28.9351
1315.19,24.5832
1315.41,21.7981
1315.7,19.3618
1316.17,16.9038
1316.88,14.6944
1317.76,13.0904
1318.77,11.9304
1320.91,10.5524
1323.26,9.7317
1328.1,8.82954
1337.65,7.94639
1352.36,6.87641
1357.87,6.21518
1361.18,5.54472
1363.54,4.75816
1365.04,3.99525
1366.38,3.04268
1367.01,2.57443
1367.32,2.46868
1367.48,2.53345
1367.61,2.70413
1367.73,3.05321
1367.84,3.58851
1367.94,4.30068
1368.02,5.24005
1368.11,6.58093
1368.2,8.42551
1368.29,10.9196
1368.38,14.2342
1368.47,18.5629
1368.56,24.8156
1368.66,32.6882
1368.77,43.6757
1368.89,59.8962
1369.04,84.201
1369.24,125.956
1369.66,219.016
1369.86,250.018
1370.06,263.511
1370.07,263.676
1370.25,256.331
1370.44,231.892
1370.8,163.61
1371.06,114.29
1371.25,84.8446
1371.41,66.4607
1371.56,52.7457
1371.7,43.928
1371.86,36.6519
1372.06,30.5043
1372.26,26.4298
1372.5,23.2264
1372.9,19.9364
1373.31,17.8636
1373.9,15.8676
1374.88,13.8606
1376.0,12.509
1377.88,11.2072
1380.47,10.2259
1384.02,9.49356
1392.05,8.69168
1410.27,7.95281
1440.37,7.1301
1444.37,6.83183
1446.93,6.38455
1448.32,5.80255
1448.95,5.44678
1449.05,5.44485
1449.23,5.58697
1449.42,6.07726
1449.56,6.82323
1449.71,8.10533
1449.84,9.83476
1449.99,12.5255
1450.18,16.8764
1450.5,26.5374
1450.78,34.4561
1450.99,38.2233
1451.14,38.9799
1451.33,37.7617
1451.55,33.799
1452.08,20.7252
1452.31,16.3576
1452.49,13.9356
1452.7,12.1559
1452.95,10.8257
1453.25,9.97831
1453.78,9.2738
1454.32,8.90347
1456.14,8.29793
1460.34,7.8184
1475.24,7.35281
1523.22,6.55469
1530.63,6.2349
1534.88,5.79643
1537.01,5.27761
1538.01,4.80476
1538.57,4.44049
1538.81,4.35992
1538.98,4.43383
1539.15,4.76023
1539.27,5.21505
1539.4,6.01712
1539.52,7.25946
1539.65,9.06911
1539.77,11.5675
1539.89,14.8492
1540.04,19.8729
1540.26,28.9934
1540.68,48.4822
1540.9,55.5309
1541.09,57.9616
1541.11,57.9858
1541.32,55.8107
1541.57,48.4877
1542.08,28.1715
1542.29,21.7681
1542.45,17.9248
1542.62,15.1242
1542.82,12.8229
1543.04,11.3258
1543.31,10.2538
1543.53,9.73659
1544.19,8.87148
1544.86,8.40368
1546.85,7.70048
1550.84,7.13452
1560.56,6.29251
1563.09,5.77396
1564.24,5.2634
1564.89,4.94658
1565.08,5.03434
1565.28,5.41792
1565.42,6.03062
1565.56,7.05963
1565.71,8.63877
1565.85,10.8878
1566.01,14.1516
1566.21,19.7936
1566.69,34.9682
1566.92,39.9384
1567.12,41.571
1567.29,40.7272
1567.53,36.5129
1568.12,21.1114
1568.34,16.8127
1568.55,13.7689
1568.77,11.7894
1568.98,10.5683
1569.31,9.56401
1569.7,8.95317
1570.56,8.31648
1572.52,7.70886
1576.92,7.22103
1591.24,6.73137
1624.27,6.03554
1625.12,5.98948
1626.77,6.21812
1633.12,5.92953
1645.76,5.45765
1652.54,4.95134
1656.13,4.40324
1657.99,3.89352
1659.24,3.34837
1660.22,2.80183
1660.38,2.76167
1660.59,2.83329
1660.72,3.02981
1660.83,3.31042
1660.95,3.85401
1661.05,4.57963
1661.15,5.63158
1661.25,7.1088
1661.35,9.12485
1661.46,11.8031
1661.57,15.6652
1661.69,20.8741
1661.82,28.1904
1661.97,39.2227
1662.19,58.2724
1662.64,101.775
1662.86,116.429
1663.07,122.101
1663.09,122.147
1663.28,118.189
1663.53,103.34
1664.1,55.3536
1664.29,42.0932
1664.45,33.0978
1664.62,26.2098
1664.79,21.2554
1664.95,17.8024
1665.12,15.4342
1665.36,13.2972
1665.56,12.1231
1665.97,10.6983
1666.64,9.43149
1667.41,8.57526
1669.05,7.58061
1670.85,6.98016
1674.61,6.25137
1680.15,5.37563
1681.87,4.89332
1682.88,4.50642
1683.16,4.66032
1683.35,5.04893
1683.49,5.59365
1683.64,6.43495
1683.79,7.79898
1683.95,9.67292
1684.16,12.9045
1684.72,23.1753
1684.95,25.9723
1685.13,26.6921
1685.31,26.1247
1685.57,23.3843
1686.17,14.0282
1686.41,11.3053
1686.65,9.43597
1686.84,8.45206
1687.12,7.5583
1687.5,6.95736
1688.13,6.488
1689.52,5.982
1693.73,5.1911
1698.97,4.27926
1701.95,3.5292
1704.26,2.7117
1705.68,2.14766
1706.25,2.02017
1706.32,2.01761
1706.6,2.06394
1706.81,2.1926
1706.99,2.39598
1707.16,2.7462
1707.3,3.21489
1707.41,3.76377
1707.54,4.64902
1707.65,5.76993
1707.76,7.19217
1707.86,9.04852
1707.96,11.5104
1708.07,14.7437
1708.17,19.2086
1708.28,24.6621
1708.39,32.4071
1708.52,43.6243
1708.66,59.6636
1708.82,82.0519
1709.02,118.191
1709.6,241.887
1709.84,277.421
1710.06,291.396
1710.08,291.574
1710.3,282.053
1710.55,248.047
1711.17,130.437
1711.4,96.0934
1711.57,75.9933
1711.74,60.5974
1711.91,49.1782
1712.11,39.7336
1712.31,33.2663
1712.54,28.2559
1712.82,24.1335
1713.15,21.0362
1713.58,18.2841
1714.12,15.995
1714.83,13.9882
1715.69,12.4119
1716.82,11.0299
1718.36,9.82966
1720.92,8.60615
1725.47,7.32613
1731.09,6.00158
1733.39,5.15702
1734.57,4.45737
1735.45,3.81152
1735.58,3.79072
1735.77,3.9271
1735.89,4.17975
1736.02,4.71365
1736.13,5.41124
1736.23,6.43426
1736.34,7.87425
1736.45,9.83129
1736.57,12.7782
1736.68,16.6428
1736.83,22.6873
1736.99,31.4923
1737.23,47.0061
1737.64,76.6344
1737.88,88.32
1738.08,92.4083
1738.11,92.4642
1738.31,89.4335
1738.54,79.8334
1739.15,42.3396
1739.35,32.8809
1739.52,26.2332
1739.7,21.325
1739.87,17.855
1740.08,15.154
1740.33,13.1634
1740.54,12.0985
1740.96,10.8275
1741.62,9.74333
1742.79,8.67697
1744.58,7.76957
1749.71,5.9478
1750.89,5.24411
1751.63,4.73584
1751.68,4.72779
1751.91,4.8509
1752.05,5.14309
1752.19,5.71048
1752.33,6.6751
1752.45,7.98941
1752.59,10.0559
1752.72,12.9037
1752.88,17.2334
1753.05,23.3868
1753.33,36.0109
1753.69,51.7507
1753.92,58.735
1754.13,60.8823
1754.32,59.1377
1754.56,52.7193
1755.18,29.0598
1755.41,22.299
1755.62,17.9172
1755.8,15.2084
1756.03,13.0354
1756.27,11.6423
1756.57,10.636
1757.18,9.60839
1758.29,8.72178
1760.51,7.90139
1764.95,7.17746
1774.21,6.44426
1798.55,4.98356
1806.39,4.2633
1810.79,3.64105
1813.61,3.04299
1815.89,2.34138
1816.46,2.15724
1816.89,2.07787
1817.16,2.1347
1817.32,2.26925
1817.48,2.55006
1817.62,2.96861
1817.72,3.4695
1817.82,4.11341
1817.92,5.12091
1818.03,6.52044
1818.14,8.42641
1818.25,10.9693
1818.35,14.2919
1818.47,19.0026
1818.58,24.7657
1818.73,34.032
1818.9,48.0068
1819.13,71.5859
1819.6,122.815
1819.85,141.261
1820.06,147.122
1820.26,142.921
1820.52,125.898
1821.16,62.3793
1821.34,47.3411
1821.53,35.5445
1821.68,28.3076
1821.83,22.6616
1821.99,18.5316
1822.17,15.1543
1822.32,13.1412
1822.52,11.3557
1822.73,10.0453
1823.08,8.68723
1823.51,7.60447
1824.13,6.56693
1824.97,5.62973
1826.29,4.63331
1828.51,3.393
1830.88,2.27227
1831.58,2.038
1831.99,1.98211
1832.27,2.01828
1832.53,2.142
1832.75,2.37906
1832.93,2.68486
1833.1,3.1662
1833.24,3.77193
1833.37,4.5775
1833.5,5.63624
1833.62,7.10631
1833.73,8.84883
1833.85,11.3809
1833.96,14.5754
1834.07,18.7542
1834.19,24.8398
1834.31,32.3369
1834.43,42.3737
1834.57,56.6858
1834.74,78.0493
1834.93,109.837
1835.27,176.957
1835.63,246.814
1835.86,276.724
1836.09,287.074
1836.32,275.779
1836.6,238.568
1837.21,128.498
1837.44,94.5076
1837.63,72.491
1837.82,56.733
1838.0,45.2162
1838.19,36.9663
1838.39,30.8411
1838.64,25.499
1838.91,21.5899
1839.25,18.4573
1839.71,15.5738
1840.27,13.2699
1841.07,11.0662
1842.0,9.3712
1843.37,7.67806
1845.14,6.15442
1848.12,4.2137
1851.06,2.5254
1851.84,2.16725
1852.43,2.0021
1852.63,1.98681
1852.92,2.02539
1853.17,2.13883
1853.39,2.33528
1853.61,2.66702
1853.79,3.09924
1853.97,3.74694
1854.14,4.60701
1854.28,5.66652
1854.41,7.01477
1854.54,8.85765
1854.66,11.0584
1854.77,13.7549
1854.88,17.2356
1854.99,21.6996
1855.12,28.6766
1855.25,37.5458
1855.39,49.804
1855.53,66.7654
1855.7,90.6389
1855.9,127.838
1856.25,205.954
1856.59,279.937
1856.82,316.185
1857.05,330.861
1857.08,331.064
1857.33,317.906
1857.58,280.073
1858.24,147.666
1858.46,110.085
1858.67,83.6808
1858.85,65.4999
1859.03,52.3428
1859.22,42.6477
1859.42,34.8578
1859.66,28.2498
1859.92,23.4743
1860.22,19.4299
1860.62,15.7173
1861.11,12.4566
1861.68,9.58567
1862.34,6.97811
1862.85,5.33867
1863.14,4.6549
1863.35,4.42534
1863.37,4.42275
1863.47,4.47278
1863.6,4.76595
1863.7,5.22083
1863.82,6.10324
1863.92,7.30296
1864.03,9.07798
1864.14,11.5424
1864.24,14.8601
1864.35,19.2067
1864.47,25.5464
1864.6,34.6549
1864.74,47.0102
1864.92,65.8418
1865.17,99.0676
1865.57,157.609
1865.8,182.327
1866.03,193.804
1866.08,194.346
1866.28,188.897
1866.54,166.813
1867.22,79.3744
1867.42,58.6748
1867.6,44.4246
1867.75,35.2432
1867.86,30.7667
1867.98,27.2163
1868.1,25.5701
1868.15,25.4569
1868.22,25.8548
1868.34,28.092
1868.46,32.444
1868.58,39.0866
1868.72,49.9322
1868.87,66.5417
1869.07,93.277
1869.7,196.035
1869.95,223.087
1870.17,231.769
1870.37,226.623
1870.63,203.063
1871.32,112.24
1871.58,86.1102
1871.78,71.0357
1871.97,59.8128
1872.22,49.979
1872.46,43.6474
1872.8,37.5304
1873.23,32.7294
1873.75,28.9566
1874.49,25.3772
1875.48,22.2634
1876.99,19.2757
1879.08,16.7496
1882.05,14.6209
1886.0,12.9289
1891.72,11.4692
1900.81,10.1364
1915.51,8.90508
1940.39,7.26445
1945.41,6.65894
1948.76,5.90633
1950.34,5.26257
1951.53,4.49348
1952.05,4.07061
1952.39,3.89809
1952.6,4.00991
1952.74,4.28749
1952.88,4.8359
1953.01,5.70297
1953.12,6.78524
1953.23,8.28957
1953.34,10.3144
1953.44,12.9596
1953.57,17.0872
1953.72,23.1526
1953.89,32.0151
1954.1,45.7763
1954.62,84.9025
1954.87,98.209
1955.1,102.921
1955.13,102.978
1955.37,98.6889
1955.64,85.7846
1956.23,48.1802
1956.45,36.9251
1956.63,29.8948
1956.8,24.8101
1957.01,20.4985
1957.19,18.0361
1957.4,16.0183
1957.68,14.3214
1958.18,12.6468
1959.01,11.2338
1960.13,10.217
1962.02,9.28206
1965.88,8.34135
1980.31,6.36203
1984.23,5.45805
1986.35,4.6766
1988.01,3.7714
1989.57,2.67845
1989.91,2.57069
1990.1,2.64498
1990.23,2.80925
1990.37,3.12216
1990.5,3.65706
1990.61,4.38704
1990.73,5.45665
1990.82,6.73075
1990.92,8.47776
1991.04,11.0464
1991.15,14.4554
1991.26,18.8878
1991.37,24.5307
1991.5,33.004
1991.65,45.5004
1991.81,62.2345
1992.03,90.626
1992.62,175.582
1992.85,199.675
1993.09,209.532
1993.13,209.626
1993.32,203.872
1993.57,182.865
1994.29,94.2256
1994.51,71.742
1994.7,57.232
1994.9,45.7928
1995.09,37.8602
1995.28,32.2144
1995.52,27.3977
1995.79,23.899
1996.19,20.6407
1996.75,17.882
1997.43,15.8568
1998.44,14.0147
1999.95,12.4162
2001.46,11.4524
2004.69,10.2793
2008.31,9.56065
2014.36,8.8824
2029.37,8.05744
2097.36,6.12031
2112.15,5.47185
2122.16,4.79653
2128.53,4.1413
2133.08,3.44789
2136.41,2.72097
2139.17,1.99727
2139.91,1.91326
2140.25,1.96409
2140.51,2.09068
2140.73,2.30791
2140.91,2.62177
2141.06,3.01233
2141.21,3.59148
2141.34,4.32201
2141.47,5.34731
2141.6,6.79583
2141.73,8.75396
2141.84,11.0818
2141.97,14.5443
2142.1,19.2356
2142.23,25.0507
2142.36,33.1434
2142.52,44.7332
2142.69,61.5519
2142.91,87.1654
2143.53,174.491
2143.79,200.749
2144.04,211.798
2144.08,212.051
2144.3,205.981
2144.51,188.85
2144.88,143.825
2145.28,92.8724
2145.5,69.7464
2145.71,52.9902
2145.88,42.2647
2146.06,33.3904
2146.24,27.2121
2146.42,22.7232
2146.63,19.0691
2146.86,16.2166
2147.16,13.721
2147.5,11.7972
2148.01,9.85355
2148.66,8.18436
2149.57,6.59121
2150.72,5.15108
2152.28,3.62427
2153.47,2.65333
2153.94,2.36229
2154.24,2.251
2154.39,2.2324
2154.61,2.28064
2154.83,2.4783
2155.01,2.80649
2155.15,3.26052
2155.29,3.96096
2155.42,4.89106
2155.53,6.04468
2155.65,7.60522
2155.76,9.69035
2155.88,12.4398
2156.0,16.1106
2156.13,21.4243
2156.26,28.8667
2156.4,38.4311
2156.56,51.8593
2156.74,71.3415
2156.98,103.242
2157.57,192.101
2157.82,218.99
2158.06,229.645
2158.09,229.798
2158.32,222.827
2158.56,202.235
2158.99,144.722
2159.35,97.5948
2159.58,72.9531
2159.78,56.1241
2159.97,44.486
2160.15,35.7722
2160.35,28.9904
2160.57,23.6019
2160.82,19.4666
2161.08,16.4858
2161.42,13.6394
2161.89,10.8252
2162.48,8.29781
2163.14,6.0607
2163.62,4.78799
2163.91,4.30445
2164.06,4.22529
2164.22,4.35896
2164.33,4.66484
2164.47,5.34076
2164.59,6.29357
2164.7,7.70895
2164.82,9.72439
2164.93,12.5034
2165.04,15.9963
2165.16,20.8083
2165.29,27.7479
2165.43,37.6336
2165.58,51.4454
2165.76,71.7956
2165.98,102.293
2166.61,202.673
2166.89,232.594
2167.14,243.098
2167.16,243.13
2167.36,237.237
2167.66,210.813
2168.39,113.68
2168.64,87.7465
2168.89,68.4166
2169.11,55.5451
2169.34,46.3909
2169.56,39.9335
2169.88,33.7526
2170.26,29.1791
2170.82,24.884
2171.54,21.4486
2172.34,18.9443
2173.63,16.3622
2175.4,14.1854
2177.81,12.3651
2180.39,11.1023
2184.38,9.78276
2192.88,7.93712
2198.57,6.87074
2200.0,6.65069
2200.5,22.9907
2500.0,22.2229
2988.82,21.9236
3000.0,21.9168
3500.0,21.9757
4000.0,21.8849
4782.12,20.7702
5000.0,20.4597
5977.65,19.6109
6000.0,19.5915
7000.0,18.4397
8000.0,17.6098
9000.0,16.8987
9500.0,16.4086
11357.5,15.8716
12000.0,15.6859
13000.0,15.315
15000.0,15.0628
17000.0,14.735
20000.0,13.9388
22000.0,13.6429
25000.0,13.2599
29888.2,12.4719
30000.0,12.4539
35000.0,11.9275
40000.0,11.3732
45000.0,11.11
60000.0,10.2009
95000.0,8.99822
160000.0,7.70085
295000.0,6.21212
475000.0,4.92062
600000.0,4.3711
725000.0,4.11172
933100.0,3.78254
1100000.0,3.58521
1300000.0,3.49782
1700000.0,3.58559
2000000.0,3.72749
2100000.0,3.72378
2300000.0,3.73616
3000000.0,3.66246
3750000.0,3.34378
5250000.0,2.66707
6250000.0,2.3742
7000000.0,2.24758
8000000.0,2.19346
9300000.0,2.27008
1.075E7,2.45849
1.3E7,2.89142
1.6E7,3.23466
1.7E7,3.25636
2.0E7,3.12624
3.0E7,2.35746
3.4E7,2.18567
3.8E7,2.12604
4.4E7,2.19258
6.0E7,2.62859
7.0E7,2.79956
8.0E7,2.83316
9.5E7,2.69664
1.45E8,1.92035
1.5E8,1.84885
