0.005		12.0336	
0.01		27.0757	
0.015		32.6503	
0.02		37.337	
0.025		43.6923	
0.03		50.043	
0.035		56.3637	
0.04		62.5911	
0.045		68.5295	
0.05		74.2989	
0.055		79.7609	
0.06		84.9787	
0.065		89.9165	
0.07		94.5473	
0.075		98.9529	
0.08		103.007	
0.085		106.902	
0.09		110.419	
0.095		113.842	
0.1		116.877	
0.105		119.865	
0.11		122.483	
0.115		125.057	
0.12		127.343	
0.125		129.557	
0.13		131.552	
0.135		133.458	
0.14		135.2	
0.145		136.84	
0.15		138.362	
0.155		139.774	
0.16		141.104	
0.165		142.321	
0.17		143.486	
0.175		144.535	
0.18		145.556	
0.185		146.462	
0.19		147.354	
0.195		148.138	
0.2		148.911	
0.205		149.6	
0.21		150.269	
0.215		150.875	
0.22		151.455	
0.225		151.988	
0.23		152.491	
0.235		152.961	
0.24		153.399	
0.245		153.813	
0.25		154.195	
0.255		154.561	
0.26		154.895	
0.265		155.219	
0.27		155.511	
0.275		155.799	
0.28		156.057	
0.285		156.311	
0.29		156.542	
0.295		156.767	
0.3		156.975	
0.305		157.176	
0.31		157.365	
0.315		157.547	
0.32		157.72	
0.325		157.885	
0.33		158.044	
0.335		158.197	
0.34		158.345	
0.345		158.488	
0.35		158.628	
0.355		158.763	
0.36		158.897	
0.365		159.026	
0.37		159.155	
0.375		159.282	
0.38		159.409	
0.385		159.534	
0.39		159.66	
0.395		159.785	
0.4		159.912	
0.405		160.039	
0.41		160.167	
0.415		160.297	
0.42		160.429	
0.425		160.563	
0.43		160.699	
0.435		160.837	
0.44		160.98	
0.445		161.123	
0.45		161.273	
0.455		161.423	
0.46		161.579	
0.465		161.737	
0.47		161.901	
0.475		162.068	
0.48		162.24	
0.485		162.416	
0.49		162.597	
0.495		162.783	
0.5		162.973	
0.505		163.169	
0.51		163.369	
0.515		163.576	
0.52		163.786	
0.525		164.005	
0.53		164.225	
0.535		164.456	
0.54		164.688	
0.545		164.93	
0.55		165.174	
0.555		165.427	
0.56		165.684	
0.565		165.949	
0.57		166.219	
0.575		166.495	
0.58		166.778	
0.585		167.067	
0.59		167.363	
0.595		167.663	
0.6		167.973	
0.605		168.286	
0.61		168.61	
0.615		168.935	
0.62		169.272	
0.625		169.611	
0.63		169.961	
0.635		170.314	
0.64		170.677	
0.645		171.044	
0.65		171.42	
0.655		171.801	
0.66		172.189	
0.665		172.584	
0.67		172.985	
0.675		173.395	
0.68		173.809	
0.685		174.232	
0.69		174.659	
0.695		175.097	
0.7		175.536	
0.705		175.989	
0.71		176.442	
0.715		176.907	
0.72		177.375	
0.725		177.853	
0.73		178.335	
0.735		178.825	
0.74		179.321	
0.745		179.824	
0.75		180.335	
0.755		180.85	
0.76		181.374	
0.765		181.902	
0.77		182.44	
0.775		182.981	
0.78		183.533	
0.785		184.086	
0.79		184.651	
0.795		185.218	
0.8		185.796	
0.805		186.376	
0.81		186.965	
0.815		187.559	
0.82		188.161	
0.825		188.768	
0.83		189.381	
0.835		190.002	
0.84		190.627	
0.845		191.26	
0.85		191.897	
0.855		192.543	
0.86		193.192	
0.865		193.851	
0.87		194.511	
0.875		195.182	
0.88		195.854	
0.885		196.537	
0.89		197.222	
0.895		197.915	
0.9		198.612	
0.905		199.316	
0.91		200.025	
0.915		200.74	
0.92		201.461	
0.925		202.186	
0.93		202.919	
0.935		203.654	
0.94		204.398	
0.945		205.144	
0.95		205.899	
0.955		206.655	
0.96		207.421	
0.965		208.188	
0.97		208.964	
0.975		209.741	
0.98		210.526	
0.985		211.314	
0.99		212.109	
0.995		212.907	
1		213.711	
1.005		214.519	
1.01		215.331	
1.015		216.149	
1.02		216.97	
1.025		217.798	
1.03		218.628	
1.035		219.464	
1.04		220.302	
1.045		221.148	
1.05		221.995	
1.055		222.848	
1.06		223.704	
1.065		224.565	
1.07		225.429	
1.075		226.297	
1.08		227.169	
1.085		228.045	
1.09		228.925	
1.095		229.807	
1.1		230.694	
1.105		231.584	
1.11		232.478	
1.115		233.374	
1.12		234.275	
1.125		235.177	
1.13		236.084	
1.135		236.993	
1.14		237.906	
1.145		238.821	
1.15		239.739	
1.155		240.659	
1.16		241.583	
1.165		242.509	
1.17		243.437	
1.175		244.368	
1.18		245.301	
1.185		246.236	
1.19		247.173	
1.195		248.113	
1.2		249.054	
1.205		249.997	
1.21		250.942	
1.215		251.889	
1.22		252.837	
1.225		253.787	
1.23		254.738	
1.235		255.691	
1.24		256.644	
1.245		257.599	
1.25		258.554	
1.255		259.511	
1.26		260.469	
1.265		261.427	
1.27		262.385	
1.275		263.344	
1.28		264.304	
1.285		265.264	
1.29		266.224	
1.295		267.184	
1.3		268.144	
1.305		269.103	
1.31		270.063	
1.315		271.022	
1.32		271.98	
1.325		272.938	
1.33		273.895	
1.335		274.851	
1.34		275.806	
1.345		276.759	
1.35		277.712	
1.355		278.663	
1.36		279.613	
1.365		280.56	
1.37		281.507	
1.375		282.45	
1.38		283.393	
1.385		284.332	
1.39		285.27	
1.395		286.204	
1.4		287.136	
1.405		288.065	
1.41		288.991	
1.415		289.914	
1.42		290.834	
1.425		291.751	
1.43		292.663	
1.435		293.573	
1.44		294.477	
1.445		295.379	
1.45		296.275	
1.455		297.169	
1.46		298.055	
1.465		298.94	
1.47		299.816	
1.475		300.691	
1.48		301.558	
1.485		302.421	
1.49		303.277	
1.495		304.129	
1.5		304.974	
1.505		305.813	
1.51		306.646	
1.515		307.472	
1.52		308.293	
1.525		309.104	
1.53		309.912	
1.535		310.709	
1.54		311.502	
1.545		312.283	
1.55		313.063	
1.555		313.827	
1.56		314.59	
1.565		315.339	
1.57		316.084	
1.575		316.816	
1.58		317.543	
1.585		318.258	
1.59		318.965	
1.595		319.663	
1.6		320.35	
1.605		321.029	
1.61		321.696	
1.615		322.356	
1.62		323.001	
1.625		323.642	
1.63		324.264	
1.635		324.884	
1.64		325.484	
1.645		326.081	
1.65		326.658	
1.655		327.231	
1.66		327.787	
1.665		328.335	
1.67		328.868	
1.675		329.391	
1.68		329.901	
1.685		330.397	
1.69		330.883	
1.695		331.353	
1.7		331.815	
1.705		332.258	
1.71		332.696	
1.715		333.111	
1.72		333.523	
1.725		333.91	
1.73		334.294	
1.735		334.656	
1.74		335.012	
1.745		335.347	
1.75		335.674	
1.755		335.984	
1.76		336.282	
1.765		336.565	
1.77		336.834	
1.775		337.091	
1.78		337.331	
1.785		337.562	
1.79		337.773	
1.795		337.978	
1.8		338.16	
1.805		338.339	
1.81		338.492	
1.815		338.642	
1.82		338.77	
1.825		338.892	
1.83		338.995	
1.835		339.089	
1.84		339.168	
1.845		339.235	
1.85		339.289	
1.855		339.33	
1.86		339.36	
1.865		339.375	
1.87		339.383	
1.875		339.373	
1.88		339.359	
1.885		339.325	
1.89		339.289	
1.895		339.233	
1.9		339.174	
1.905		339.098	
1.91		339.018	
1.915		338.923	
1.92		338.823	
1.925		338.711	
1.93		338.591	
1.935		338.462	
1.94		338.325	
1.945		338.18	
1.95		338.026	
1.955		337.868	
1.96		337.698	
1.965		337.526	
1.97		337.344	
1.975		337.159	
1.98		336.964	
1.985		336.768	
1.99		336.563	
1.995		336.356	
2		336.142	
2.005		335.925	
2.01		335.704	
2.015		335.479	
2.02		335.251	
2.025		335.02	
2.03		334.787	
2.035		334.551	
2.04		334.313	
2.045		334.072	
2.05		333.831	
2.055		333.588	
2.06		333.344	
2.065		333.099	
2.07		332.854	
2.075		332.609	
2.08		332.363	
2.085		332.118	
2.09		331.873	
2.095		331.629	
2.1		331.385	
2.105		331.143	
2.11		330.902	
2.115		330.662	
2.12		330.424	
2.125		330.187	
2.13		329.953	
2.135		329.72	
2.14		329.491	
2.145		329.263	
2.15		329.039	
2.155		328.815	
2.16		328.597	
2.165		328.379	
2.17		328.166	
2.175		327.955	
2.18		327.748	
2.185		327.544	
2.19		327.344	
2.195		327.147	
2.2		326.953	
2.205		326.763	
2.21		326.576	
2.215		326.394	
2.22		326.214	
2.225		326.04	
2.23		325.867	
2.235		325.702	
2.24		325.537	
2.245		325.379	
2.25		325.222	
2.255		325.071	
2.26		324.923	
2.265		324.78	
2.27		324.64	
2.275		324.505	
2.28		324.373	
2.285		324.246	
2.29		324.123	
2.295		324.002	
2.3		323.888	
2.305		323.775	
2.31		323.669	
2.315		323.564	
2.32		323.466	
2.325		323.369	
2.33		323.278	
2.335		323.189	
2.34		323.106	
2.345		323.025	
2.35		322.949	
2.355		322.876	
2.36		322.807	
2.365		322.742	
2.37		322.68	
2.375		322.623	
2.38		322.568	
2.385		322.518	
2.39		322.47	
2.395		322.427	
2.4		322.385	
2.405		322.35	
2.41		322.316	
2.415		322.287	
2.42		322.259	
2.425		322.237	
2.43		322.216	
2.435		322.199	
2.44		322.185	
2.445		322.175	
2.45		322.167	
2.455		322.163	
2.46		322.162	
2.465		322.163	
2.47		322.168	
2.475		322.174	
2.48		322.186	
2.485		322.198	
2.49		322.215	
2.495		322.233	
2.5		322.255	
2.505		322.278	
2.51		322.306	
2.515		322.335	
2.52		322.367	
2.525		322.401	
2.53		322.439	
2.535		322.478	
2.54		322.52	
2.545		322.565	
2.55		322.611	
2.555		322.661	
2.56		322.711	
2.565		322.766	
2.57		322.821	
2.575		322.88	
2.58		322.94	
2.585		323.003	
2.59		323.067	
2.595		323.134	
2.6		323.203	
2.605		323.274	
2.61		323.346	
2.615		323.421	
2.62		323.498	
2.625		323.576	
2.63		323.657	
2.635		323.739	
2.64		323.824	
2.645		323.909	
2.65		323.997	
2.655		324.086	
2.66		324.178	
2.665		324.27	
2.67		324.366	
2.675		324.461	
2.68		324.56	
2.685		324.659	
2.69		324.76	
2.695		324.863	
2.7		324.967	
2.705		325.072	
2.71		325.179	
2.715		325.288	
2.72		325.398	
2.725		325.51	
2.73		325.622	
2.735		325.736	
2.74		325.851	
2.745		325.969	
2.75		326.086	
2.755		326.206	
2.76		326.327	
2.765		326.449	
2.77		326.572	
2.775		326.696	
2.78		326.821	
2.785		326.948	
2.79		327.076	
2.795		327.205	
2.8		327.335	
2.805		327.466	
2.81		327.598	
2.815		327.731	
2.82		327.866	
2.825		328	
2.83		328.137	
2.835		328.274	
2.84		328.412	
2.845		328.551	
2.85		328.692	
2.855		328.832	
2.86		328.974	
2.865		329.117	
2.87		329.26	
2.875		329.405	
2.88		329.55	
2.885		329.696	
2.89		329.843	
2.895		329.991	
2.9		330.139	
2.905		330.288	
2.91		330.438	
2.915		330.588	
2.92		330.739	
2.925		330.892	
2.93		331.044	
2.935		331.197	
2.94		331.351	
2.945		331.506	
2.95		331.661	
2.955		331.816	
2.96		331.973	
2.965		332.13	
2.97		332.287	
2.975		332.445	
2.98		332.603	
2.985		332.762	
2.99		332.922	
2.995		333.081	
3		333.242	
3.005		333.402	
3.01		333.564	
3.015		333.725	
3.02		333.887	
3.025		334.05	
3.03		334.213	
3.035		334.376	
3.04		334.539	
3.045		334.703	
3.05		334.867	
3.055		335.032	
3.06		335.196	
3.065		335.362	
3.07		335.527	
3.075		335.692	
3.08		335.858	
3.085		336.024	
3.09		336.19	
3.095		336.357	
3.1		336.523	
3.105		336.69	
3.11		336.857	
3.115		337.024	
3.12		337.191	
3.125		337.358	
3.13		337.525	
3.135		337.693	
3.14		337.86	
3.145		338.028	
3.15		338.195	
3.155		338.363	
3.16		338.53	
3.165		338.698	
3.17		338.865	
3.175		339.033	
3.18		339.2	
3.185		339.368	
3.19		339.535	
3.195		339.703	
3.2		339.87	
3.205		340.037	
3.21		340.204	
3.215		340.37	
3.22		340.537	
3.225		340.703	
3.23		340.87	
3.235		341.036	
3.24		341.202	
3.245		341.367	
3.25		341.533	
3.255		341.698	
3.26		341.863	
3.265		342.027	
3.27		342.191	
3.275		342.355	
3.28		342.519	
3.285		342.682	
3.29		342.845	
3.295		343.008	
3.3		343.17	
3.305		343.332	
3.31		343.493	
3.315		343.654	
3.32		343.814	
3.325		343.975	
3.33		344.134	
3.335		344.293	
3.34		344.452	
3.345		344.61	
3.35		344.768	
3.355		344.925	
3.36		345.081	
3.365		345.237	
3.37		345.393	
3.375		345.548	
3.38		345.702	
3.385		345.855	
3.39		346.008	
3.395		346.161	
3.4		346.313	
3.405		346.463	
3.41		346.614	
3.415		346.763	
3.42		346.913	
3.425		347.061	
3.43		347.208	
3.435		347.355	
3.44		347.501	
3.445		347.646	
3.45		347.791	
3.455		347.934	
3.46		348.077	
3.465		348.22	
3.47		348.361	
3.475		348.501	
3.48		348.641	
3.485		348.78	
3.49		348.917	
3.495		349.054	
3.5		349.19	
3.505		349.326	
3.51		349.46	
3.515		349.593	
3.52		349.725	
3.525		349.857	
3.53		349.987	
3.535		350.117	
3.54		350.245	
3.545		350.372	
3.55		350.498	
3.555		350.624	
3.56		350.748	
3.565		350.87	
3.57		350.992	
3.575		351.112	
3.58		351.232	
3.585		351.349	
3.59		351.466	
3.595		351.581	
3.6		351.695	
3.605		351.806	
3.61		351.916	
3.615		352.024	
3.62		352.131	
3.625		352.235	
3.63		352.337	
3.635		352.437	
3.64		352.535	
3.645		352.631	
3.65		352.724	
3.655		352.815	
3.66		352.903	
3.665		352.99	
3.67		353.073	
3.675		353.155	
3.68		353.233	
3.685		353.31	
3.69		353.384	
3.695		353.457	
3.7		353.528	
3.705		353.597	
3.71		353.665	
3.715		353.733	
3.72		353.799	
3.725		353.865	
3.73		353.932	
3.735		353.998	
3.74		354.065	
3.745		354.133	
3.75		354.201	
3.755		354.271	
3.76		354.342	
3.765		354.416	
3.77		354.49	
3.775		354.567	
3.78		354.645	
3.785		354.725	
3.79		354.806	
3.795		354.889	
3.8		354.973	
3.805		355.058	
3.81		355.144	
3.815		355.231	
3.82		355.317	
3.825		355.404	
3.83		355.49	
3.835		355.577	
3.84		355.661	
3.845		355.746	
3.85		355.827	
3.855		355.909	
3.86		355.987	
3.865		356.065	
3.87		356.139	
3.875		356.212	
3.88		356.282	
3.885		356.351	
3.89		356.416	
3.895		356.479	
3.9		356.54	
3.905		356.598	
3.91		356.655	
3.915		356.708	
3.92		356.76	
3.925		356.809	
3.93		356.857	
3.935		356.901	
3.94		356.945	
3.945		356.986	
3.95		357.026	
3.955		357.064	
3.96		357.1	
3.965		357.135	
3.97		357.168	
3.975		357.2	
3.98		357.23	
3.985		357.259	
3.99		357.286	
3.995		357.312	
4		357.337	
4.005		357.361	
4.01		357.383	
4.015		357.404	
4.02		357.424	
4.025		357.443	
4.03		357.46	
4.035		357.477	
4.04		357.492	
4.045		357.506	
4.05		357.519	
4.055		357.531	
4.06		357.541	
4.065		357.551	
4.07		357.56	
4.075		357.567	
4.08		357.574	
4.085		357.579	
4.09		357.584	
4.095		357.587	
4.1		357.59	
4.105		357.59	
4.11		357.591	
4.115		357.59	
4.12		357.589	
4.125		357.586	
4.13		357.582	
4.135		357.577	
4.14		357.572	
4.145		357.565	
4.15		357.557	
4.155		357.549	
4.16		357.539	
4.165		357.529	
4.17		357.517	
4.175		357.505	
4.18		357.492	
4.185		357.478	
4.19		357.463	
4.195		357.447	
4.2		357.43	
4.205		357.413	
4.21		357.394	
4.215		357.375	
4.22		357.355	
4.225		357.334	
4.23		357.312	
4.235		357.289	
4.24		357.266	
4.245		357.241	
4.25		357.216	
4.255		357.19	
4.26		357.164	
4.265		357.136	
4.27		357.108	
4.275		357.079	
4.28		357.049	
4.285		357.019	
4.29		356.988	
4.295		356.955	
4.3		356.923	
4.305		356.889	
4.31		356.855	
4.315		356.821	
4.32		356.785	
4.325		356.749	
4.33		356.712	
4.335		356.675	
4.34		356.636	
4.345		356.598	
4.35		356.558	
4.355		356.518	
4.36		356.477	
4.365		356.436	
4.37		356.394	
4.375		356.351	
4.38		356.308	
4.385		356.264	
4.39		356.22	
4.395		356.175	
4.4		356.129	
4.405		356.083	
4.41		356.036	
4.415		355.989	
4.42		355.941	
4.425		355.893	
4.43		355.844	
4.435		355.794	
4.44		355.744	
4.445		355.694	
4.45		355.643	
4.455		355.591	
4.46		355.539	
4.465		355.486	
4.47		355.433	
4.475		355.38	
4.48		355.326	
4.485		355.271	
4.49		355.216	
4.495		355.161	
4.5		355.105	
4.505		355.048	
4.51		354.991	
4.515		354.934	
4.52		354.876	
4.525		354.818	
4.53		354.76	
4.535		354.701	
4.54		354.641	
4.545		354.581	
4.55		354.521	
4.555		354.46	
4.56		354.399	
4.565		354.338	
4.57		354.276	
4.575		354.213	
4.58		354.151	
4.585		354.087	
4.59		354.024	
4.595		353.96	
4.6		353.896	
4.605		353.831	
4.61		353.767	
4.615		353.701	
4.62		353.636	
4.625		353.569	
4.63		353.503	
4.635		353.436	
4.64		353.369	
4.645		353.302	
4.65		353.234	
4.655		353.166	
4.66		353.098	
4.665		353.029	
4.67		352.96	
4.675		352.891	
4.68		352.821	
4.685		352.751	
4.69		352.681	
4.695		352.61	
4.7		352.539	
4.705		352.468	
4.71		352.396	
4.715		352.325	
4.72		352.253	
4.725		352.18	
4.73		352.107	
4.735		352.035	
4.74		351.961	
4.745		351.888	
4.75		351.814	
4.755		351.74	
4.76		351.665	
4.765		351.591	
4.77		351.516	
4.775		351.441	
4.78		351.365	
4.785		351.289	
4.79		351.214	
4.795		351.137	
4.8		351.061	
4.805		350.984	
4.81		350.907	
4.815		350.83	
4.82		350.752	
4.825		350.674	
4.83		350.596	
4.835		350.518	
4.84		350.439	
4.845		350.361	
4.85		350.282	
4.855		350.203	
4.86		350.123	
4.865		350.043	
4.87		349.963	
4.875		349.883	
4.88		349.803	
4.885		349.722	
4.89		349.641	
4.895		349.56	
4.9		349.478	
4.905		349.397	
4.91		349.315	
4.915		349.233	
4.92		349.151	
4.925		349.068	
4.93		348.985	
4.935		348.902	
4.94		348.819	
4.945		348.736	
4.95		348.652	
4.955		348.568	
4.96		348.484	
4.965		348.4	
4.97		348.315	
4.975		348.231	
4.98		348.146	
4.985		348.06	
4.99		347.975	
4.995		347.889	
5		347.804	
5.005		347.718	
5.01		347.631	
5.015		347.545	
5.02		347.458	
5.025		347.371	
5.03		347.284	
5.035		347.197	
5.04		347.109	
5.045		347.021	
5.05		346.933	
5.055		346.845	
5.06		346.757	
5.065		346.668	
5.07		346.579	
5.075		346.49	
5.08		346.401	
5.085		346.311	
5.09		346.222	
5.095		346.132	
5.1		346.041	
5.105		345.951	
5.11		345.861	
5.115		345.77	
5.12		345.679	
5.125		345.587	
5.13		345.496	
5.135		345.404	
5.14		345.312	
5.145		345.22	
5.15		345.127	
5.155		345.035	
5.16		344.942	
5.165		344.849	
5.17		344.755	
5.175		344.661	
5.18		344.567	
5.185		344.473	
5.19		344.379	
5.195		344.284	
5.2		344.189	
5.205		344.094	
5.21		343.998	
5.215		343.902	
5.22		343.806	
5.225		343.709	
5.23		343.612	
5.235		343.515	
5.24		343.418	
5.245		343.32	
5.25		343.222	
5.255		343.123	
5.26		343.024	
5.265		342.925	
5.27		342.825	
5.275		342.725	
5.28		342.625	
5.285		342.524	
5.29		342.423	
5.295		342.322	
5.3		342.22	
5.305		342.118	
5.31		342.016	
5.315		341.913	
5.32		341.81	
5.325		341.706	
5.33		341.603	
5.335		341.499	
5.34		341.394	
5.345		341.29	
5.35		341.185	
5.355		341.079	
5.36		340.974	
5.365		340.868	
5.37		340.762	
5.375		340.656	
5.38		340.549	
5.385		340.442	
5.39		340.335	
5.395		340.228	
5.4		340.12	
5.405		340.012	
5.41		339.904	
5.415		339.796	
5.42		339.687	
5.425		339.579	
5.43		339.47	
5.435		339.36	
5.44		339.251	
5.445		339.141	
5.45		339.031	
5.455		338.921	
5.46		338.811	
5.465		338.7	
5.47		338.589	
5.475		338.478	
5.48		338.366	
5.485		338.254	
5.49		338.143	
5.495		338.03	
5.5		337.918	
5.505		337.805	
5.51		337.692	
5.515		337.579	
5.52		337.465	
5.525		337.351	
5.53		337.237	
5.535		337.123	
5.54		337.008	
5.545		336.894	
5.55		336.779	
5.555		336.663	
5.56		336.548	
5.565		336.432	
5.57		336.316	
5.575		336.2	
5.58		336.084	
5.585		335.967	
5.59		335.85	
5.595		335.733	
5.6		335.616	
5.605		335.499	
5.61		335.381	
5.615		335.263	
5.62		335.145	
5.625		335.026	
5.63		334.908	
5.635		334.789	
5.64		334.67	
5.645		334.551	
5.65		334.432	
5.655		334.312	
5.66		334.192	
5.665		334.072	
5.67		333.951	
5.675		333.831	
5.68		333.71	
5.685		333.589	
5.69		333.467	
5.695		333.346	
5.7		333.224	
5.705		333.102	
5.71		332.98	
5.715		332.857	
5.72		332.734	
5.725		332.611	
5.73		332.488	
5.735		332.364	
5.74		332.24	
5.745		332.116	
5.75		331.991	
5.755		331.867	
5.76		331.742	
5.765		331.616	
5.77		331.491	
5.775		331.365	
5.78		331.239	
5.785		331.112	
5.79		330.986	
5.795		330.858	
5.8		330.731	
5.805		330.603	
5.81		330.475	
5.815		330.346	
5.82		330.218	
5.825		330.088	
5.83		329.959	
5.835		329.829	
5.84		329.699	
5.845		329.568	
5.85		329.437	
5.855		329.305	
5.86		329.173	
5.865		329.041	
5.87		328.908	
5.875		328.775	
5.88		328.642	
5.885		328.508	
5.89		328.373	
5.895		328.239	
5.9		328.103	
5.905		327.968	
5.91		327.831	
5.915		327.695	
5.92		327.558	
5.925		327.42	
5.93		327.282	
5.935		327.144	
5.94		327.005	
5.945		326.865	
5.95		326.725	
5.955		326.585	
5.96		326.444	
5.965		326.303	
5.97		326.161	
5.975		326.018	
5.98		325.876	
5.985		325.732	
5.99		325.588	
5.995		325.443	
6		325.298	
6.005		325.152	
6.01		325.006	
6.015		324.859	
6.02		324.712	
6.025		324.564	
6.03		324.415	
6.035		324.266	
6.04		324.116	
6.045		323.965	
6.05		323.814	
6.055		323.662	
6.06		323.509	
6.065		323.356	
6.07		323.202	
6.075		323.048	
6.08		322.892	
6.085		322.736	
6.09		322.58	
6.095		322.422	
6.1		322.264	
6.105		322.106	
6.11		321.947	
6.115		321.787	
6.12		321.626	
6.125		321.465	
6.13		321.303	
6.135		321.14	
6.14		320.977	
6.145		320.813	
6.15		320.648	
6.155		320.483	
6.16		320.317	
6.165		320.15	
6.17		319.983	
6.175		319.815	
6.18		319.646	
6.185		319.477	
6.19		319.307	
6.195		319.136	
6.2		318.965	
6.205		318.793	
6.21		318.62	
6.215		318.447	
6.22		318.273	
6.225		318.098	
6.23		317.923	
6.235		317.747	
6.24		317.57	
6.245		317.393	
6.25		317.215	
6.255		317.037	
6.26		316.857	
6.265		316.677	
6.27		316.497	
6.275		316.315	
6.28		316.133	
6.285		315.95	
6.29		315.767	
6.295		315.583	
6.3		315.398	
6.305		315.213	
6.31		315.027	
6.315		314.84	
6.32		314.652	
6.325		314.464	
6.33		314.275	
6.335		314.085	
6.34		313.895	
6.345		313.704	
6.35		313.512	
6.355		313.319	
6.36		313.126	
6.365		312.932	
6.37		312.737	
6.375		312.542	
6.38		312.345	
6.385		312.149	
6.39		311.951	
6.395		311.752	
6.4		311.553	
6.405		311.353	
6.41		311.152	
6.415		310.951	
6.42		310.749	
6.425		310.546	
6.43		310.342	
6.435		310.138	
6.44		309.932	
6.445		309.726	
6.45		309.52	
6.455		309.312	
6.46		309.104	
6.465		308.895	
6.47		308.685	
6.475		308.474	
6.48		308.263	
6.485		308.05	
6.49		307.838	
6.495		307.623	
6.5		307.409	
6.505		307.193	
6.51		306.977	
6.515		306.76	
6.52		306.543	
6.525		306.324	
6.53		306.105	
6.535		305.884	
6.54		305.663	
6.545		305.442	
6.55		305.219	
6.555		304.996	
6.56		304.771	
6.565		304.547	
6.57		304.32	
6.575		304.094	
6.58		303.866	
6.585		303.638	
6.59		303.409	
6.595		303.179	
6.6		302.948	
6.605		302.717	
6.61		302.484	
6.615		302.251	
6.62		302.017	
6.625		301.782	
6.63		301.546	
6.635		301.309	
6.64		301.072	
6.645		300.834	
6.65		300.595	
6.655		300.355	
6.66		300.114	
6.665		299.872	
6.67		299.63	
6.675		299.387	
6.68		299.143	
6.685		298.898	
6.69		298.652	
6.695		298.405	
6.7		298.158	
6.705		297.91	
6.71		297.66	
6.715		297.411	
6.72		297.16	
6.725		296.908	
6.73		296.656	
6.735		296.403	
6.74		296.148	
6.745		295.893	
6.75		295.637	
6.755		295.381	
6.76		295.123	
6.765		294.865	
6.77		294.606	
6.775		294.346	
6.78		294.085	
6.785		293.823	
6.79		293.561	
6.795		293.298	
6.8		293.034	
6.805		292.769	
6.81		292.503	
6.815		292.236	
6.82		291.969	
6.825		291.701	
6.83		291.432	
6.835		291.162	
6.84		290.891	
6.845		290.62	
6.85		290.348	
6.855		290.074	
6.86		289.801	
6.865		289.526	
6.87		289.25	
6.875		288.974	
6.88		288.697	
6.885		288.419	
6.89		288.141	
6.895		287.861	
6.9		287.581	
6.905		287.3	
6.91		287.018	
6.915		286.736	
6.92		286.453	
6.925		286.169	
6.93		285.884	
6.935		285.598	
6.94		285.312	
6.945		285.025	
6.95		284.737	
6.955		284.449	
6.96		284.16	
6.965		283.87	
6.97		283.579	
6.975		283.287	
6.98		282.996	
6.985		282.703	
6.99		282.409	
6.995		282.115	
7		281.82	
7.005		281.524	
7.01		281.228	
7.015		280.931	
7.02		280.634	
7.025		280.335	
7.03		280.037	
7.035		279.737	
7.04		279.437	
7.045		279.136	
7.05		278.835	
7.055		278.533	
7.06		278.23	
7.065		277.927	
7.07		277.623	
7.075		277.319	
7.08		277.013	
7.085		276.708	
7.09		276.402	
7.095		276.095	
7.1		275.788	
7.105		275.48	
7.11		275.172	
7.115		274.863	
7.12		274.554	
7.125		274.244	
7.13		273.934	
7.135		273.623	
7.14		273.312	
7.145		273	
7.15		272.688	
7.155		272.375	
7.16		272.062	
7.165		271.748	
7.17		271.435	
7.175		271.12	
7.18		270.806	
7.185		270.491	
7.19		270.175	
7.195		269.86	
7.2		269.544	
7.205		269.227	
7.21		268.911	
7.215		268.594	
7.22		268.276	
7.225		267.959	
7.23		267.641	
7.235		267.323	
7.24		267.005	
7.245		266.686	
7.25		266.367	
7.255		266.049	
7.26		265.729	
7.265		265.41	
7.27		265.091	
7.275		264.771	
7.28		264.452	
7.285		264.132	
7.29		263.812	
7.295		263.493	
7.3		263.173	
7.305		262.853	
7.31		262.533	
7.315		262.213	
7.32		261.893	
7.325		261.573	
7.33		261.253	
7.335		260.934	
7.34		260.614	
7.345		260.294	
7.35		259.975	
7.355		259.656	
7.36		259.337	
7.365		259.018	
7.37		258.699	
7.375		258.38	
7.38		258.062	
7.385		257.744	
7.39		257.427	
7.395		257.109	
7.4		256.792	
7.405		256.476	
7.41		256.159	
7.415		255.843	
7.42		255.528	
7.425		255.213	
7.43		254.899	
7.435		254.584	
7.44		254.271	
7.445		253.958	
7.45		253.646	
7.455		253.334	
7.46		253.023	
7.465		252.712	
7.47		252.402	
7.475		252.093	
7.48		251.785	
7.485		251.477	
7.49		251.17	
7.495		250.864	
7.5		250.558	
7.505		250.254	
7.51		249.95	
7.515		249.648	
7.52		249.346	
7.525		249.046	
7.53		248.746	
7.535		248.448	
7.54		248.15	
7.545		247.854	
7.55		247.558	
7.555		247.264	
7.56		246.971	
7.565		246.679	
7.57		246.389	
7.575		246.1	
7.58		245.812	
7.585		245.525	
7.59		245.241	
7.595		244.957	
7.6		244.675	
7.605		244.394	
7.61		244.116	
7.615		243.838	
7.62		243.563	
7.625		243.289	
7.63		243.016	
7.635		242.746	
7.64		242.477	
7.645		242.21	
7.65		241.945	
7.655		241.682	
7.66		241.42	
7.665		241.162	
7.67		240.904	
7.675		240.65	
7.68		240.396	
7.685		240.146	
7.69		239.897	
7.695		239.651	
7.7		239.407	
7.705		239.166	
7.71		238.927	
7.715		238.69	
7.72		238.456	
7.725		238.225	
7.73		237.996	
7.735		237.77	
7.74		237.547	
7.745		237.326	
7.75		237.109	
7.755		236.893	
7.76		236.682	
7.765		236.472	
7.77		236.268	
7.775		236.064	
7.78		235.866	
7.785		235.669	
7.79		235.477	
7.795		235.287	
7.8		235.101	
7.805		234.919	
7.81		234.74	
7.815		234.565	
7.82		234.393	
7.825		234.226	
7.83		234.061	
7.835		233.903	
7.84		233.745	
7.845		233.595	
7.85		233.446	
7.855		233.304	
7.86		233.164	
7.865		233.031	
7.87		232.899	
7.875		232.775	
7.88		232.653	
7.885		232.537	
7.89		232.426	
7.895		232.319	
7.9		232.218	
7.905		232.12	
7.91		232.03	
7.915		231.943	
7.92		231.863	
7.925		231.786	
7.93		231.718	
7.935		231.652	
7.94		231.596	
7.945		231.541	
7.95		231.496	
7.955		231.455	
7.96		231.421	
7.965		231.392	
7.97		231.371	
7.975		231.356	
7.98		231.347	
7.985		231.346	
7.99		231.35	
7.995		231.363	
8		231.38	
8.005		231.408	
8.01		231.439	
8.015		231.483	
8.02		231.528	
8.025		231.588	
8.03		231.649	
8.035		231.724	
8.04		231.802	
8.045		231.893	
8.05		231.989	
8.055		232.095	
8.06		232.209	
8.065		232.333	
8.07		232.466	
8.075		232.606	
8.08		232.758	
8.085		232.916	
8.09		233.089	
8.095		233.266	
8.1		233.459	
8.105		233.655	
8.11		233.87	
8.115		234.088	
8.12		234.323	
8.125		234.564	
8.13		234.82	
8.135		235.083	
8.14		235.361	
8.145		235.649	
8.15		235.949	
8.155		236.262	
8.16		236.585	
8.165		236.925	
8.17		237.271	
8.175		237.637	
8.18		238.009	
8.185		238.402	
8.19		238.799	
8.195		239.221	
8.2		239.647	
8.205		240.096	
8.21		240.551	
8.215		241.028	
8.22		241.514	
8.225		242.018	
8.23		242.536	
8.235		243.07	
8.24		243.62	
8.245		244.184	
8.25		244.768	
8.255		245.362	
8.26		245.981	
8.265		246.606	
8.27		247.26	
8.275		247.918	
8.28		248.608	
8.285		249.302	
8.29		250.025	
8.295		250.756	
8.3		251.514	
8.305		252.283	
8.31		253.075	
8.315		253.882	
8.32		254.709	
8.325		255.555	
8.33		256.417	
8.335		257.303	
8.34		258.201	
8.345		259.126	
8.35		260.06	
8.355		261.025	
8.36		261.994	
8.365		262.998	
8.37		264.007	
8.375		265.046	
8.38		266.094	
8.385		267.168	
8.39		268.253	
8.395		269.361	
8.4		270.483	
8.405		271.624	
8.41		272.781	
8.415		273.953	
8.42		275.144	
8.425		276.345	
8.43		277.567	
8.435		278.795	
8.44		280.045	
8.445		281.298	
8.45		282.573	
8.455		283.849	
8.46		285.142	
8.465		286.438	
8.47		287.745	
8.475		289.055	
8.48		290.372	
8.485		291.691	
8.49		293.013	
8.495		294.334	
8.5		295.654	
8.505		296.97	
8.51		298.284	
8.515		299.586	
8.52		300.885	
8.525		302.165	
8.53		303.443	
8.535		304.691	
8.54		305.934	
8.545		307.144	
8.55		308.343	
8.555		309.505	
8.56		310.647	
8.565		311.751	
8.57		312.825	
8.575		313.862	
8.58		314.854	
8.585		315.812	
8.59		316.71	
8.595		317.578	
8.6		318.367	
8.605		319.134	
8.61		319.801	
8.615		320.455	
8.62		320.986	
8.625		321.501	
8.63		321.897	
8.635		322.259	
8.64		322.508	
8.645		322.704	
8.65		322.796	
8.655		322.812	
8.66		322.737	
8.665		322.562	
8.67		322.309	
8.675		321.932	
8.68		321.494	
8.685		320.904	
8.69		320.272	
8.695		319.461	
8.7		318.629	
8.705		317.592	
8.71		316.53	
8.715		315.284	
8.72		313.99	
8.725		312.532	
8.73		311.002	
8.735		309.332	
8.74		307.567	
8.745		305.685	
8.75		303.686	
8.755		301.594	
8.76		299.366	
8.765		297.069	
8.77		294.617	
8.775		292.122	
8.78		289.455	
8.785		286.766	
8.79		283.896	
8.795		281.006	
8.8		277.962	
8.805		274.883	
8.81		271.679	
8.815		268.425	
8.82		265.073	
8.825		261.661	
8.83		258.175	
8.835		254.622	
8.84		251.016	
8.845		247.341	
8.85		243.632	
8.855		239.854	
8.86		236.056	
8.865		232.195	
8.87		228.326	
8.875		224.401	
8.88		220.472	
8.885		216.508	
8.89		212.54	
8.895		208.553	
8.9		204.563	
8.905		200.569	
8.91		196.577	
8.915		192.59	
8.92		188.615	
8.925		184.649	
8.93		180.707	
8.935		176.776	
8.94		172.882	
8.945		168.999	
8.95		165.168	
8.955		161.344	
8.96		157.589	
8.965		153.843	
8.97		150.167	
8.975		146.51	
8.98		142.921	
8.985		139.363	
8.99		135.867	
8.995		132.416	
9		129.021	
9.005		125.683	
9.01		122.392	
9.015		119.174	
9.02		115.992	
9.025		112.897	
9.03		109.826	
9.035		106.856	
9.04		103.899	
9.045		101.056	
9.05		98.2258	
9.055		95.4977	
9.06		92.795	
9.065		90.1812	
9.07		87.6052	
9.075		85.1047	
9.08		82.6537	
9.085		80.2648	
9.09		77.9366	
9.095		75.6571	
9.1		73.4489	
9.105		71.2763	
9.11		69.1845	
9.115		67.1159	
9.12		65.1368	
9.125		63.1689	
9.13		61.2984	
9.135		59.4382	
9.14		57.6614	
9.145		55.9045	
9.15		54.2176	
9.155		52.5594	
9.16		50.9586	
9.165		49.3942	
9.17		47.8756	
9.175		46.4005	
9.18		44.9601	
9.185		43.5693	
9.19		42.2034	
9.195		40.8922	
9.2		39.5968	
9.205		38.3606	
9.21		37.132	
9.215		35.9663	
9.22		34.8072	
9.225		33.7011	
9.23		32.6073	
9.235		31.5573	
9.24		30.5247	
9.245		29.5273	
9.25		28.5519	
9.255		27.6041	
9.26		26.6822	
9.265		25.781	
9.27		24.909	
9.275		24.0518	
9.28		23.2265	
9.285		22.4105	
9.29		21.6289	
9.295		20.8518	
9.3		20.1113	
9.305		19.3747	
9.31		18.6691	
9.315		17.9707	
9.32		17.2982	
9.325		16.636	
9.33		15.995	
9.335		15.3673	
9.34		14.7565	
9.345		14.1617	
9.35		13.58	
9.355		13.0169	
9.36		12.4634	
9.365		11.931	
9.37		11.4048	
9.375		10.9023	
9.38		10.4028	
9.385		9.92953	
9.39		9.45908	
9.395		9.01168	
9.4		8.56982	
9.405		8.14788	
9.41		7.7342	
9.415		7.33738	
9.42		6.95148	
9.425		6.57949	
9.43		6.22099	
9.435		5.87349	
9.44		5.54195	
9.445		5.21857	
9.45		4.91351	
9.455		4.61383	
9.46		4.33464	
9.465		4.05815	
9.47		3.80414	
9.475		3.55256	
9.48		3.32057	
9.485		3.09316	
9.49		2.88229	
9.495		2.67805	
9.5		2.48742	
9.505		2.30523	
9.51		2.13386	
9.515		1.97249	
9.52		1.81932	
9.525		1.67745	
9.53		1.54138	
9.535		1.4176	
9.54		1.29745	
9.545		1.1903	
9.55		1.08489	
9.555		0.992893	
9.56		0.902275	
9.565		0.822674	
9.57		0.745468	
9.575		0.67698	
9.58		0.611741	
9.585		0.55321	
9.59		0.498548	
9.595		0.448865	
9.6		0.403459	
9.605		0.361576	
9.61		0.32419	
9.615		0.289128	
9.62		0.258622	
9.625		0.229474	
9.63		0.204811	
9.635		0.180751	
9.64		0.160999	
9.645		0.141659	
9.65		0.125612	
9.655		0.110226	
9.66		0.0972618	
9.665		0.0851318	
9.67		0.0747331	
9.675		0.0652581	
9.68		0.0569775	
9.685		0.0496458	
9.69		0.0430996	
9.695		0.0374804	
9.7		0.032343	
9.705		0.0280783	
9.71		0.0240758	
9.715		0.0208714	
9.72		0.0177758	
9.725		0.0153926	
9.73		0.0130736	
9.735		0.0112623	
9.74		0.00954482	
9.745		0.00817442	
9.75		0.00691453	
9.755		0.00588533	
9.76		0.00497003	
9.765		0.00420274	
9.77		0.00354432	
9.775		0.00297647	
9.78		0.0025076	
9.785		0.00209044	
9.79		0.00176	
9.795		0.00145579	
9.8		0.00122538	
9.805		0.00100515	
9.81		0.000846248	
9.815		0.000692554	
9.82		0.000579654	
9.825		0.000473729	
9.83		0.000393777	
9.835		0.000321487	
9.84		0.00026528	
9.845		0.000216438	
9.85		0.000177213	
9.855		0.00014455	
9.86		0.000117375	
9.865		9.57631e-05	
9.87		7.70731e-05	
9.875		6.29281e-05	
9.88		5.01671e-05	
9.885		4.10138e-05	
9.89		3.23641e-05	
9.895		2.6511e-05	
9.9		2.08826e-05	
9.905		1.69941e-05	
9.91		1.33812e-05	
9.915		1.08021e-05	
9.92		8.50619e-06	
9.925		6.80796e-06	
9.93		5.36399e-06	
9.935		4.25378e-06	
9.94		3.35529e-06	
9.945		2.6347e-06	
9.95		2.08178e-06	
9.955		1.61743e-06	
9.96		1.28108e-06	
9.965		9.83985e-07	
9.97		7.81849e-07	
9.975		5.93118e-07	
9.98		4.73192e-07	
9.985		3.58525e-07	
9.99		2.83976e-07	
9.995		2.15326e-07	
10		1.68971e-07	
