ENDF/B-VII.1 Angular Distribution of Neutrons: 7-N-14(n,elastic)
Incident Neutron Energy: 2.000000E+7 eV
  
Cosine Value    Normalized Probability
1.000E0     4.413E-2
9.990E-1    4.398E-2
9.962E-1    4.353E-2
9.914E-1    4.282E-2
9.848E-1    4.192E-2
9.763E-1    4.089E-2
9.659E-1    3.983E-2
9.537E-1    3.882E-2
9.397E-1    3.793E-2
9.239E-1    3.722E-2
9.063E-1    3.672E-2
8.870E-1    3.645E-2
8.660E-1    3.640E-2
8.434E-1    3.650E-2
8.192E-1    3.669E-2
7.934E-1    3.688E-2
7.660E-1    3.699E-2
7.373E-1    3.691E-2
7.071E-1    3.658E-2
6.756E-1    3.595E-2
6.428E-1    3.503E-2
6.088E-1    3.385E-2
5.736E-1    3.253E-2
5.373E-1    3.123E-2
5.000E-1    3.016E-2
4.617E-1    2.962E-2
4.226E-1    2.991E-2
3.827E-1    3.138E-2
3.420E-1    3.437E-2
3.007E-1    3.921E-2
2.588E-1    4.619E-2
2.164E-1    5.549E-2
1.736E-1    6.723E-2
1.305E-1    8.136E-2
8.716E-2    9.769E-2
4.362E-2    1.159E-1
6.123E-17   1.354E-1
-4.362E-2   1.555E-1
-8.716E-2   1.754E-1
-1.305E-1   1.942E-1
-1.736E-1   2.108E-1
-2.164E-1   2.242E-1
-2.588E-1   2.336E-1
-3.007E-1   2.385E-1
-3.420E-1   2.386E-1
-3.827E-1   2.343E-1
-4.226E-1   2.265E-1
-4.617E-1   2.171E-1
-5.000E-1   2.089E-1
-5.373E-1   2.057E-1
-5.736E-1   2.122E-1
-6.088E-1   2.345E-1
-6.428E-1   2.793E-1
-6.756E-1   3.539E-1
-7.071E-1   4.662E-1
-7.373E-1   6.238E-1
-7.660E-1   8.338E-1
-7.934E-1   1.102E0
-8.192E-1   1.432E0
-8.434E-1   1.826E0
-8.660E-1   2.282E0
-8.870E-1   2.795E0
-9.063E-1   3.357E0
-9.239E-1   3.953E0
-9.397E-1   4.570E0
-9.537E-1   5.187E0
-9.659E-1   5.784E0
-9.763E-1   6.339E0
-9.848E-1   6.829E0
-9.914E-1   7.234E0
-9.962E-1   7.537E0
-9.990E-1   7.725E0
-1.000E0    7.788E0
ENDF/B-VII.1 Angular Distribution of Neutrons: 7-N-14(n,elastic)
Incident Neutron Energy: 2.200000E+7 eV
  
Cosine Value    Normalized Probability
1.000E0     2.131E-2
9.990E-1    2.125E-2
9.962E-1    2.109E-2
9.914E-1    2.084E-2
9.848E-1    2.055E-2
9.763E-1    2.028E-2
9.659E-1    2.007E-2
9.537E-1    1.999E-2
9.397E-1    2.008E-2
9.239E-1    2.037E-2
9.063E-1    2.089E-2
8.870E-1    2.162E-2
8.660E-1    2.253E-2
8.434E-1    2.356E-2
8.192E-1    2.466E-2
7.934E-1    2.573E-2
7.660E-1    2.668E-2
7.373E-1    2.742E-2
7.071E-1    2.787E-2
6.756E-1    2.798E-2
6.428E-1    2.772E-2
6.088E-1    2.712E-2
5.736E-1    2.622E-2
5.373E-1    2.515E-2
5.000E-1    2.407E-2
4.617E-1    2.320E-2
4.226E-1    2.279E-2
3.827E-1    2.313E-2
3.420E-1    2.455E-2
3.007E-1    2.735E-2
2.588E-1    3.185E-2
2.164E-1    3.828E-2
1.736E-1    4.686E-2
1.305E-1    5.767E-2
8.716E-2    7.071E-2
4.362E-2    8.582E-2
6.123E-17   1.027E-1
-4.362E-2   1.208E-1
-8.716E-2   1.396E-1
-1.305E-1   1.581E-1
-1.736E-1   1.757E-1
-2.164E-1   1.911E-1
-2.588E-1   2.037E-1
-3.007E-1   2.124E-1
-3.420E-1   2.169E-1
-3.827E-1   2.170E-1
-4.226E-1   2.133E-1
-4.617E-1   2.071E-1
-5.000E-1   2.006E-1
-5.373E-1   1.973E-1
-5.736E-1   2.018E-1
-6.088E-1   2.200E-1
-6.428E-1   2.589E-1
-6.756E-1   3.267E-1
-7.071E-1   4.322E-1
-7.373E-1   5.844E-1
-7.660E-1   7.922E-1
-7.934E-1   1.063E0
-8.192E-1   1.403E0
-8.434E-1   1.816E0
-8.660E-1   2.301E0
-8.870E-1   2.855E0
-9.063E-1   3.468E0
-9.239E-1   4.127E0
-9.397E-1   4.815E0
-9.537E-1   5.510E0
-9.659E-1   6.187E0
-9.763E-1   6.820E0
-9.848E-1   7.382E0
-9.914E-1   7.849E0
-9.962E-1   8.200E0
-9.990E-1   8.417E0
-1.000E0    8.491E0
ENDF/B-VII.1 Angular Distribution of Neutrons: 7-N-14(n,elastic)
Incident Neutron Energy: 2.300000E+7 eV
  
Cosine Value    Normalized Probability
1.000E0     1.666E-2
9.990E-1    1.660E-2
9.962E-1    1.645E-2
9.914E-1    1.622E-2
9.848E-1    1.596E-2
9.763E-1    1.572E-2
9.659E-1    1.555E-2
9.537E-1    1.551E-2
9.397E-1    1.564E-2
9.239E-1    1.599E-2
9.063E-1    1.655E-2
8.870E-1    1.734E-2
8.660E-1    1.833E-2
8.434E-1    1.947E-2
8.192E-1    2.069E-2
7.934E-1    2.191E-2
7.660E-1    2.306E-2
7.373E-1    2.403E-2
7.071E-1    2.474E-2
6.756E-1    2.515E-2
6.428E-1    2.521E-2
6.088E-1    2.492E-2
5.736E-1    2.431E-2
5.373E-1    2.349E-2
5.000E-1    2.257E-2
4.617E-1    2.174E-2
4.226E-1    2.121E-2
3.827E-1    2.127E-2
3.420E-1    2.217E-2
3.007E-1    2.424E-2
2.588E-1    2.776E-2
2.164E-1    3.300E-2
1.736E-1    4.019E-2
1.305E-1    4.949E-2
8.716E-2    6.093E-2
4.362E-2    7.447E-2
6.123E-17   8.988E-2
-4.362E-2   1.068E-1
-8.716E-2   1.247E-1
-1.305E-1   1.428E-1
-1.736E-1   1.604E-1
-2.164E-1   1.765E-1
-2.588E-1   1.902E-1
-3.007E-1   2.006E-1
-3.420E-1   2.071E-1
-3.827E-1   2.094E-1
-4.226E-1   2.078E-1
-4.617E-1   2.034E-1
-5.000E-1   1.982E-1
-5.373E-1   1.954E-1
-5.736E-1   1.993E-1
-6.088E-1   2.158E-1
-6.428E-1   2.520E-1
-6.756E-1   3.162E-1
-7.071E-1   4.177E-1
-7.373E-1   5.662E-1
-7.660E-1   7.711E-1
-7.934E-1   1.041E0
-8.192E-1   1.384E0
-8.434E-1   1.802E0
-8.660E-1   2.298E0
-8.870E-1   2.868E0
-9.063E-1   3.502E0
-9.239E-1   4.189E0
-9.397E-1   4.909E0
-9.537E-1   5.639E0
-9.659E-1   6.353E0
-9.763E-1   7.022E0
-9.848E-1   7.619E0
-9.914E-1   8.116E0
-9.962E-1   8.489E0
-9.990E-1   8.721E0
-1.000E0    8.799E0
ENDF/B-VII.1 Angular Distribution of Neutrons: 7-N-14(n,elastic)
Incident Neutron Energy: 2.400000E+7 eV
  
Cosine Value    Normalized Probability
1.000E0     1.352E-2
9.990E-1    1.347E-2
9.962E-1    1.331E-2
9.914E-1    1.307E-2
9.848E-1    1.279E-2
9.763E-1    1.253E-2
9.659E-1    1.233E-2
9.537E-1    1.225E-2
9.397E-1    1.234E-2
9.239E-1    1.264E-2
9.063E-1    1.316E-2
8.870E-1    1.391E-2
8.660E-1    1.487E-2
8.434E-1    1.600E-2
8.192E-1    1.725E-2
7.934E-1    1.854E-2
7.660E-1    1.978E-2
7.373E-1    2.090E-2
7.071E-1    2.182E-2
6.756E-1    2.247E-2
6.428E-1    2.281E-2
6.088E-1    2.281E-2
5.736E-1    2.251E-2
5.373E-1    2.195E-2
5.000E-1    2.125E-2
4.617E-1    2.053E-2
4.226E-1    1.999E-2
3.827E-1    1.986E-2
3.420E-1    2.039E-2
3.007E-1    2.185E-2
2.588E-1    2.454E-2
2.164E-1    2.872E-2
1.736E-1    3.465E-2
1.305E-1    4.251E-2
8.716E-2    5.242E-2
4.362E-2    6.441E-2
6.123E-17   7.835E-2
-4.362E-2   9.398E-2
-8.716E-2   1.109E-1
-1.305E-1   1.284E-1
-1.736E-1   1.459E-1
-2.164E-1   1.624E-1
-2.588E-1   1.771E-1
-3.007E-1   1.889E-1
-3.420E-1   1.972E-1
-3.827E-1   2.016E-1
-4.226E-1   2.021E-1
-4.617E-1   1.995E-1
-5.000E-1   1.956E-1
-5.373E-1   1.932E-1
-5.736E-1   1.966E-1
-6.088E-1   2.115E-1
-6.428E-1   2.449E-1
-6.756E-1   3.054E-1
-7.071E-1   4.026E-1
-7.373E-1   5.468E-1
-7.660E-1   7.484E-1
-7.934E-1   1.017E0
-8.192E-1   1.361E0
-8.434E-1   1.785E0
-8.660E-1   2.291E0
-8.870E-1   2.876E0
-9.063E-1   3.532E0
-9.239E-1   4.246E0
-9.397E-1   4.998E0
-9.537E-1   5.764E0
-9.659E-1   6.516E0
-9.763E-1   7.224E0
-9.848E-1   7.856E0
-9.914E-1   8.383E0
-9.962E-1   8.780E0
-9.990E-1   9.027E0
-1.000E0    9.111E0
ENDF/B-VII.1 Angular Distribution of Neutrons: 7-N-14(n,elastic)
Incident Neutron Energy: 2.600000E+7 eV
  
Cosine Value    Normalized Probability
1.000E0     1.027E-2
9.990E-1    1.020E-2
9.962E-1    1.000E-2
9.914E-1    9.695E-3
9.848E-1    9.322E-3
9.763E-1    8.929E-3
9.659E-1    8.572E-3
9.537E-1    8.304E-3
9.397E-1    8.179E-3
9.239E-1    8.237E-3
9.063E-1    8.510E-3
8.870E-1    9.012E-3
8.660E-1    9.737E-3
8.434E-1    1.067E-2
8.192E-1    1.176E-2
7.934E-1    1.296E-2
7.660E-1    1.421E-2
7.373E-1    1.543E-2
7.071E-1    1.656E-2
6.756E-1    1.752E-2
6.428E-1    1.828E-2
6.088E-1    1.878E-2
5.736E-1    1.901E-2
5.373E-1    1.899E-2
5.000E-1    1.877E-2
4.617E-1    1.841E-2
4.226E-1    1.804E-2
3.827E-1    1.781E-2
3.420E-1    1.790E-2
3.007E-1    1.854E-2
2.588E-1    1.997E-2
2.164E-1    2.246E-2
1.736E-1    2.627E-2
1.305E-1    3.165E-2
8.716E-2    3.881E-2
4.362E-2    4.790E-2
6.123E-17   5.898E-2
-4.362E-2   7.199E-2
-8.716E-2   8.671E-2
-1.305E-1   1.027E-1
-1.736E-1   1.195E-1
-2.164E-1   1.363E-1
-2.588E-1   1.523E-1
-3.007E-1   1.664E-1
-3.420E-1   1.779E-1
-3.827E-1   1.859E-1
-4.226E-1   1.902E-1
-4.617E-1   1.910E-1
-5.000E-1   1.896E-1
-5.373E-1   1.883E-1
-5.736E-1   1.908E-1
-6.088E-1   2.024E-1
-6.428E-1   2.302E-1
-6.756E-1   2.831E-1
-7.071E-1   3.712E-1
-7.373E-1   5.061E-1
-7.660E-1   6.997E-1
-7.934E-1   9.635E-1
-8.192E-1   1.308E0
-8.434E-1   1.740E0
-8.660E-1   2.264E0
-8.870E-1   2.879E0
-9.063E-1   3.578E0
-9.239E-1   4.346E0
-9.397E-1   5.163E0
-9.537E-1   6.003E0
-9.659E-1   6.833E0
-9.763E-1   7.620E0
-9.848E-1   8.327E0
-9.914E-1   8.919E0
-9.962E-1   9.366E0
-9.990E-1   9.644E0
-1.000E0    9.739E0
ENDF/B-VII.1 Angular Distribution of Neutrons: 7-N-14(n,elastic)
Incident Neutron Energy: 2.700000E+7 eV
  
Cosine Value    Normalized Probability
1.000E0     9.543E-3
9.990E-1    9.467E-3
9.962E-1    9.246E-3
9.914E-1    8.903E-3
9.848E-1    8.476E-3
9.763E-1    8.013E-3
9.659E-1    7.566E-3
9.537E-1    7.190E-3
9.397E-1    6.939E-3
9.239E-1    6.857E-3
9.063E-1    6.976E-3
8.870E-1    7.317E-3
8.660E-1    7.882E-3
8.434E-1    8.657E-3
8.192E-1    9.613E-3
7.934E-1    1.071E-2
7.660E-1    1.188E-2
7.373E-1    1.308E-2
7.071E-1    1.423E-2
6.756E-1    1.527E-2
6.428E-1    1.616E-2
6.088E-1    1.684E-2
5.736E-1    1.729E-2
5.373E-1    1.751E-2
5.000E-1    1.752E-2
4.617E-1    1.737E-2
4.226E-1    1.714E-2
3.827E-1    1.696E-2
3.420E-1    1.696E-2
3.007E-1    1.736E-2
2.588E-1    1.836E-2
2.164E-1    2.021E-2
1.736E-1    2.317E-2
1.305E-1    2.752E-2
8.716E-2    3.349E-2
4.362E-2    4.129E-2
6.123E-17   5.104E-2
-4.362E-2   6.277E-2
-8.716E-2   7.636E-2
-1.305E-1   9.152E-2
-1.736E-1   1.078E-1
-2.164E-1   1.245E-1
-2.588E-1   1.408E-1
-3.007E-1   1.557E-1
-3.420E-1   1.684E-1
-3.827E-1   1.780E-1
-4.226E-1   1.840E-1
-4.617E-1   1.864E-1
-5.000E-1   1.862E-1
-5.373E-1   1.855E-1
-5.736E-1   1.876E-1
-6.088E-1   1.978E-1
-6.428E-1   2.229E-1
-6.756E-1   2.719E-1
-7.071E-1   3.554E-1
-7.373E-1   4.853E-1
-7.660E-1   6.744E-1
-7.934E-1   9.350E-1
-8.192E-1   1.279E0
-8.434E-1   1.714E0
-8.660E-1   2.247E0
-8.870E-1   2.875E0
-9.063E-1   3.594E0
-9.239E-1   4.389E0
-9.397E-1   5.239E0
-9.537E-1   6.116E0
-9.659E-1   6.987E0
-9.763E-1   7.815E0
-9.848E-1   8.560E0
-9.914E-1   9.186E0
-9.962E-1   9.659E0
-9.990E-1   9.954E0
-1.000E0    1.005E1
ENDF/B-VII.1 Angular Distribution of Neutrons: 7-N-14(n,elastic)
Incident Neutron Energy: 2.800000E+7 eV
  
Cosine Value    Normalized Probability
1.000E0     9.124E-3
9.990E-1    9.042E-3
9.962E-1    8.802E-3
9.914E-1    8.428E-3
9.848E-1    7.955E-3
9.763E-1    7.429E-3
9.659E-1    6.902E-3
9.537E-1    6.429E-3
9.397E-1    6.061E-3
9.239E-1    5.844E-3
9.063E-1    5.815E-3
8.870E-1    5.997E-3
8.660E-1    6.397E-3
8.434E-1    7.011E-3
8.192E-1    7.815E-3
7.934E-1    8.777E-3
7.660E-1    9.850E-3
7.373E-1    1.098E-2
7.071E-1    1.212E-2
6.756E-1    1.319E-2
6.428E-1    1.416E-2
6.088E-1    1.498E-2
5.736E-1    1.561E-2
5.373E-1    1.604E-2
5.000E-1    1.626E-2
4.617E-1    1.631E-2
4.226E-1    1.624E-2
3.827E-1    1.614E-2
3.420E-1    1.613E-2
3.007E-1    1.637E-2
2.588E-1    1.704E-2
2.164E-1    1.839E-2
1.736E-1    2.066E-2
1.305E-1    2.411E-2
8.716E-2    2.903E-2
4.362E-2    3.566E-2
6.123E-17   4.417E-2
-4.362E-2   5.467E-2
-8.716E-2   6.712E-2
-1.305E-1   8.135E-2
-1.736E-1   9.697E-2
-2.164E-1   1.134E-1
-2.588E-1   1.299E-1
-3.007E-1   1.454E-1
-3.420E-1   1.592E-1
-3.827E-1   1.701E-1
-4.226E-1   1.776E-1
-4.617E-1   1.816E-1
-5.000E-1   1.826E-1
-5.373E-1   1.824E-1
-5.736E-1   1.843E-1
-6.088E-1   1.931E-1
-6.428E-1   2.157E-1
-6.756E-1   2.610E-1
-7.071E-1   3.398E-1
-7.373E-1   4.646E-1
-7.660E-1   6.488E-1
-7.934E-1   9.060E-1
-8.192E-1   1.249E0
-8.434E-1   1.687E0
-8.660E-1   2.226E0
-8.870E-1   2.868E0
-9.063E-1   3.607E0
-9.239E-1   4.428E0
-9.397E-1   5.310E0
-9.537E-1   6.225E0
-9.659E-1   7.137E0
-9.763E-1   8.006E0
-9.848E-1   8.791E0
-9.914E-1   9.451E0
-9.962E-1   9.951E0
-9.990E-1   1.026E1
-1.000E0    1.037E1
ENDF/B-VII.1 Angular Distribution of Neutrons: 7-N-14(n,elastic)
Incident Neutron Energy: 3.000000E+7 eV
  
Cosine Value    Normalized Probability
1.000E0     8.646E-3
9.990E-1    8.557E-3
9.962E-1    8.298E-3
9.914E-1    7.889E-3
9.848E-1    7.361E-3
9.763E-1    6.757E-3
9.659E-1    6.124E-3
9.537E-1    5.512E-3
9.397E-1    4.971E-3
9.239E-1    4.547E-3
9.063E-1    4.275E-3
8.870E-1    4.185E-3
8.660E-1    4.292E-3
8.434E-1    4.600E-3
8.192E-1    5.103E-3
7.934E-1    5.781E-3
7.660E-1    6.607E-3
7.373E-1    7.545E-3
7.071E-1    8.555E-3
6.756E-1    9.591E-3
6.428E-1    1.061E-2
6.088E-1    1.157E-2
5.736E-1    1.243E-2
5.373E-1    1.315E-2
5.000E-1    1.373E-2
4.617E-1    1.414E-2
4.226E-1    1.440E-2
3.827E-1    1.454E-2
3.420E-1    1.463E-2
3.007E-1    1.475E-2
2.588E-1    1.506E-2
2.164E-1    1.573E-2
1.736E-1    1.698E-2
1.305E-1    1.907E-2
8.716E-2    2.228E-2
4.362E-2    2.691E-2
6.123E-17   3.324E-2
-4.362E-2   4.148E-2
-8.716E-2   5.175E-2
-1.305E-1   6.404E-2
-1.736E-1   7.816E-2
-2.164E-1   9.369E-2
-2.588E-1   1.100E-1
-3.007E-1   1.263E-1
-3.420E-1   1.415E-1
-3.827E-1   1.546E-1
-4.226E-1   1.647E-1
-4.617E-1   1.713E-1
-5.000E-1   1.746E-1
-5.373E-1   1.758E-1
-5.736E-1   1.774E-1
-6.088E-1   1.839E-1
-6.428E-1   2.018E-1
-6.756E-1   2.400E-1
-7.071E-1   3.097E-1
-7.373E-1   4.241E-1
-7.660E-1   5.981E-1
-7.934E-1   8.470E-1
-8.192E-1   1.186E0
-8.434E-1   1.627E0
-8.660E-1   2.179E0
-8.870E-1   2.845E0
-9.063E-1   3.621E0
-9.239E-1   4.493E0
-9.397E-1   5.440E0
-9.537E-1   6.430E0
-9.659E-1   7.424E0
-9.763E-1   8.378E0
-9.848E-1   9.243E0
-9.914E-1   9.974E0
-9.962E-1   1.053E1
-9.990E-1   1.088E1
-1.000E0    1.099E1
ENDF/B-VII.1 Angular Distribution of Neutrons: 7-N-14(n,elastic)
Incident Neutron Energy: 3.500000E+7 eV
  
Cosine Value    Normalized Probability
1.000E0     6.891E-3
9.990E-1    6.819E-3
9.962E-1    6.605E-3
9.914E-1    6.264E-3
9.848E-1    5.816E-3
9.763E-1    5.289E-3
9.659E-1    4.713E-3
9.537E-1    4.122E-3
9.397E-1    3.548E-3
9.239E-1    3.023E-3
9.063E-1    2.573E-3
8.870E-1    2.220E-3
8.660E-1    1.980E-3
8.434E-1    1.866E-3
8.192E-1    1.883E-3
7.934E-1    2.032E-3
7.660E-1    2.311E-3
7.373E-1    2.715E-3
7.071E-1    3.237E-3
6.756E-1    3.867E-3
6.428E-1    4.592E-3
6.088E-1    5.396E-3
5.736E-1    6.259E-3
5.373E-1    7.157E-3
5.000E-1    8.058E-3
4.617E-1    8.929E-3
4.226E-1    9.733E-3
3.827E-1    1.044E-2
3.420E-1    1.102E-2
3.007E-1    1.146E-2
2.588E-1    1.179E-2
2.164E-1    1.206E-2
1.736E-1    1.236E-2
1.305E-1    1.287E-2
8.716E-2    1.379E-2
4.362E-2    1.541E-2
6.123E-17   1.805E-2
-4.362E-2   2.206E-2
-8.716E-2   2.777E-2
-1.305E-1   3.548E-2
-1.736E-1   4.534E-2
-2.164E-1   5.737E-2
-2.588E-1   7.132E-2
-3.007E-1   8.670E-2
-3.420E-1   1.027E-1
-3.827E-1   1.184E-1
-4.226E-1   1.325E-1
-4.617E-1   1.440E-1
-5.000E-1   1.521E-1
-5.373E-1   1.569E-1
-5.736E-1   1.594E-1
-6.088E-1   1.628E-1
-6.428E-1   1.722E-1
-6.756E-1   1.959E-1
-7.071E-1   2.450E-1
-7.373E-1   3.341E-1
-7.660E-1   4.806E-1
-7.934E-1   7.041E-1
-8.192E-1   1.025E0
-8.434E-1   1.463E0
-8.660E-1   2.033E0
-8.870E-1   2.745E0
-9.063E-1   3.601E0
-9.239E-1   4.590E0
-9.397E-1   5.690E0
-9.537E-1   6.865E0
-9.659E-1   8.065E0
-9.763E-1   9.235E0
-9.848E-1   1.031E1
-9.914E-1   1.123E1
-9.962E-1   1.193E1
-9.990E-1   1.237E1
-1.000E0    1.252E1
ENDF/B-VII.1 Angular Distribution of Neutrons: 7-N-14(n,elastic)
Incident Neutron Energy: 4.000000E+7 eV
  
Cosine Value    Normalized Probability
1.000E0     4.172E-3
9.990E-1    4.131E-3
9.962E-1    4.011E-3
9.914E-1    3.820E-3
9.848E-1    3.569E-3
9.763E-1    3.274E-3
9.659E-1    2.951E-3
9.537E-1    2.619E-3
9.397E-1    2.294E-3
9.239E-1    1.991E-3
9.063E-1    1.721E-3
8.870E-1    1.494E-3
8.660E-1    1.315E-3
8.434E-1    1.189E-3
8.192E-1    1.117E-3
7.934E-1    1.100E-3
7.660E-1    1.142E-3
7.373E-1    1.246E-3
7.071E-1    1.417E-3
6.756E-1    1.662E-3
6.428E-1    1.991E-3
6.088E-1    2.412E-3
5.736E-1    2.930E-3
5.373E-1    3.547E-3
5.000E-1    4.257E-3
4.617E-1    5.047E-3
4.226E-1    5.891E-3
3.827E-1    6.756E-3
3.420E-1    7.602E-3
3.007E-1    8.383E-3
2.588E-1    9.062E-3
2.164E-1    9.614E-3
1.736E-1    1.004E-2
1.305E-1    1.040E-2
8.716E-2    1.078E-2
4.362E-2    1.134E-2
6.123E-17   1.233E-2
-4.362E-2   1.405E-2
-8.716E-2   1.686E-2
-1.305E-1   2.115E-2
-1.736E-1   2.726E-2
-2.164E-1   3.548E-2
-2.588E-1   4.593E-2
-3.007E-1   5.850E-2
-3.420E-1   7.280E-2
-3.827E-1   8.810E-2
-4.226E-1   1.034E-1
-4.617E-1   1.174E-1
-5.000E-1   1.290E-1
-5.373E-1   1.372E-1
-5.736E-1   1.422E-1
-6.088E-1   1.454E-1
-6.428E-1   1.505E-1
-6.756E-1   1.643E-1
-7.071E-1   1.971E-1
-7.373E-1   2.636E-1
-7.660E-1   3.826E-1
-7.934E-1   5.767E-1
-8.192E-1   8.714E-1
-8.434E-1   1.292E0
-8.660E-1   1.864E0
-8.870E-1   2.603E0
-9.063E-1   3.519E0
-9.239E-1   4.607E0
-9.397E-1   5.846E0
-9.537E-1   7.197E0
-9.659E-1   8.604E0
-9.763E-1   9.995E0
-9.848E-1   1.129E1
-9.914E-1   1.241E1
-9.962E-1   1.327E1
-9.990E-1   1.382E1
-1.000E0    1.400E1
ENDF/B-VII.1 Angular Distribution of Neutrons: 7-N-14(n,elastic)
Incident Neutron Energy: 4.500000E+7 eV
  
Cosine Value    Normalized Probability
1.000E0     2.024E-3
9.990E-1    2.006E-3
9.962E-1    1.951E-3
9.914E-1    1.865E-3
9.848E-1    1.756E-3
9.763E-1    1.630E-3
9.659E-1    1.499E-3
9.537E-1    1.371E-3
9.397E-1    1.254E-3
9.239E-1    1.154E-3
9.063E-1    1.075E-3
8.870E-1    1.017E-3
8.660E-1    9.786E-4
8.434E-1    9.575E-4
8.192E-1    9.497E-4
7.934E-1    9.521E-4
7.660E-1    9.633E-4
7.373E-1    9.847E-4
7.071E-1    1.021E-3
6.756E-1    1.081E-3
6.428E-1    1.178E-3
6.088E-1    1.326E-3
5.736E-1    1.544E-3
5.373E-1    1.847E-3
5.000E-1    2.250E-3
4.617E-1    2.760E-3
4.226E-1    3.377E-3
3.827E-1    4.091E-3
3.420E-1    4.879E-3
3.007E-1    5.707E-3
2.588E-1    6.532E-3
2.164E-1    7.310E-3
1.736E-1    8.001E-3
1.305E-1    8.583E-3
8.716E-2    9.064E-3
4.362E-2    9.503E-3
6.123E-17   1.002E-2
-4.362E-2   1.081E-2
-8.716E-2   1.215E-2
-1.305E-1   1.438E-2
-1.736E-1   1.789E-2
-2.164E-1   2.309E-2
-2.588E-1   3.030E-2
-3.007E-1   3.974E-2
-3.420E-1   5.137E-2
-3.827E-1   6.484E-2
-4.226E-1   7.946E-2
-4.617E-1   9.418E-2
-5.000E-1   1.077E-1
-5.373E-1   1.187E-1
-5.736E-1   1.264E-1
-6.088E-1   1.311E-1
-6.428E-1   1.348E-1
-6.756E-1   1.426E-1
-7.071E-1   1.635E-1
-7.373E-1   2.111E-1
-7.660E-1   3.046E-1
-7.934E-1   4.686E-1
-8.192E-1   7.324E-1
-8.434E-1   1.128E0
-8.660E-1   1.687E0
-8.870E-1   2.437E0
-9.063E-1   3.394E0
-9.239E-1   4.563E0
-9.397E-1   5.926E0
-9.537E-1   7.444E0
-9.659E-1   9.053E0
-9.763E-1   1.067E1
-9.848E-1   1.219E1
-9.914E-1   1.352E1
-9.962E-1   1.455E1
-9.990E-1   1.521E1
-1.000E0    1.543E1
ENDF/B-VII.1 Angular Distribution of Neutrons: 7-N-14(n,elastic)
Incident Neutron Energy: 5.000000E+7 eV
  
Cosine Value    Normalized Probability
1.000E0     8.880E-4
9.990E-1    8.794E-4
9.962E-1    8.548E-4
9.914E-1    8.173E-4
9.848E-1    7.715E-4
9.763E-1    7.231E-4
9.659E-1    6.783E-4
9.537E-1    6.426E-4
9.397E-1    6.205E-4
9.239E-1    6.146E-4
9.063E-1    6.258E-4
8.870E-1    6.524E-4
8.660E-1    6.913E-4
8.434E-1    7.376E-4
8.192E-1    7.860E-4
7.934E-1    8.310E-4
7.660E-1    8.687E-4
7.373E-1    8.969E-4
7.071E-1    9.165E-4
6.756E-1    9.320E-4
6.428E-1    9.517E-4
6.088E-1    9.878E-4
5.736E-1    1.056E-3
5.373E-1    1.174E-3
5.000E-1    1.360E-3
4.617E-1    1.632E-3
4.226E-1    2.004E-3
3.827E-1    2.484E-3
3.420E-1    3.071E-3
3.007E-1    3.752E-3
2.588E-1    4.505E-3
2.164E-1    5.295E-3
1.736E-1    6.080E-3
1.305E-1    6.818E-3
8.716E-2    7.478E-3
4.362E-2    8.051E-3
6.123E-17   8.571E-3
-4.362E-2   9.131E-3
-8.716E-2   9.897E-3
-1.305E-1   1.112E-2
-1.736E-1   1.314E-2
-2.164E-1   1.635E-2
-2.588E-1   2.117E-2
-3.007E-1   2.797E-2
-3.420E-1   3.698E-2
-3.827E-1   4.820E-2
-4.226E-1   6.127E-2
-4.617E-1   7.545E-2
-5.000E-1   8.960E-2
-5.373E-1   1.023E-1
-5.736E-1   1.123E-1
-6.088E-1   1.189E-1
-6.428E-1   1.229E-1
-6.756E-1   1.277E-1
-7.071E-1   1.403E-1
-7.373E-1   1.730E-1
-7.660E-1   2.445E-1
-7.934E-1   3.800E-1
-8.192E-1   6.116E-1
-8.434E-1   9.765E-1
-8.660E-1   1.514E0
-8.870E-1   2.260E0
-9.063E-1   3.244E0
-9.239E-1   4.476E0
-9.397E-1   5.948E0
-9.537E-1   7.620E0
-9.659E-1   9.424E0
-9.763E-1   1.126E1
-9.848E-1   1.302E1
-9.914E-1   1.457E1
-9.962E-1   1.578E1
-9.990E-1   1.655E1
-1.000E0    1.682E1
ENDF/B-VII.1 Angular Distribution of Neutrons: 7-N-14(n,elastic)
Incident Neutron Energy: 5.500000E+7 eV
  
Cosine Value    Normalized Probability
1.000E0     4.215E-4
9.990E-1    4.167E-4
9.962E-1    4.032E-4
9.914E-1    3.832E-4
9.848E-1    3.598E-4
9.763E-1    3.372E-4
9.659E-1    3.196E-4
9.537E-1    3.110E-4
9.397E-1    3.144E-4
9.239E-1    3.316E-4
9.063E-1    3.630E-4
8.870E-1    4.073E-4
8.660E-1    4.618E-4
8.434E-1    5.228E-4
8.192E-1    5.857E-4
7.934E-1    6.461E-4
7.660E-1    6.996E-4
7.373E-1    7.432E-4
7.071E-1    7.755E-4
6.756E-1    7.975E-4
6.428E-1    8.128E-4
6.088E-1    8.281E-4
5.736E-1    8.531E-4
5.373E-1    9.007E-4
5.000E-1    9.861E-4
4.617E-1    1.126E-3
4.226E-1    1.338E-3
3.827E-1    1.636E-3
3.420E-1    2.032E-3
3.007E-1    2.530E-3
2.588E-1    3.125E-3
2.164E-1    3.801E-3
1.736E-1    4.531E-3
1.305E-1    5.279E-3
8.716E-2    6.005E-3
4.362E-2    6.678E-3
6.123E-17   7.286E-3
-4.362E-2   7.854E-3
-8.716E-2   8.467E-3
-1.305E-1   9.287E-3
-1.736E-1   1.056E-2
-2.164E-1   1.264E-2
-2.588E-1   1.591E-2
-3.007E-1   2.082E-2
-3.420E-1   2.774E-2
-3.827E-1   3.688E-2
-4.226E-1   4.820E-2
-4.617E-1   6.126E-2
-5.000E-1   7.518E-2
-5.373E-1   8.866E-2
-5.736E-1   1.002E-1
-6.088E-1   1.086E-1
-6.428E-1   1.136E-1
-6.756E-1   1.170E-1
-7.071E-1   1.243E-1
-7.373E-1   1.459E-1
-7.660E-1   1.992E-1
-7.934E-1   3.093E-1
-8.192E-1   5.099E-1
-8.434E-1   8.421E-1
-8.660E-1   1.352E0
-8.870E-1   2.085E0
-9.063E-1   3.080E0
-9.239E-1   4.361E0
-9.397E-1   5.924E0
-9.537E-1   7.736E0
-9.659E-1   9.726E0
-9.763E-1   1.178E1
-9.848E-1   1.377E1
-9.914E-1   1.554E1
-9.962E-1   1.694E1
-9.990E-1   1.783E1
-1.000E0    1.814E1
ENDF/B-VII.1 Angular Distribution of Neutrons: 7-N-14(n,elastic)
Incident Neutron Energy: 6.000000E+7 eV
  
Cosine Value    Normalized Probability
1.000E0     2.406E-4
9.990E-1    2.373E-4
9.962E-1    2.282E-4
9.914E-1    2.148E-4
9.848E-1    1.993E-4
9.763E-1    1.848E-4
9.659E-1    1.741E-4
9.537E-1    1.702E-4
9.397E-1    1.751E-4
9.239E-1    1.903E-4
9.063E-1    2.164E-4
8.870E-1    2.526E-4
8.660E-1    2.976E-4
8.434E-1    3.488E-4
8.192E-1    4.036E-4
7.934E-1    4.587E-4
7.660E-1    5.112E-4
7.373E-1    5.583E-4
7.071E-1    5.982E-4
6.756E-1    6.301E-4
6.428E-1    6.549E-4
6.088E-1    6.751E-4
5.736E-1    6.958E-4
5.373E-1    7.245E-4
5.000E-1    7.715E-4
4.617E-1    8.498E-4
4.226E-1    9.744E-4
3.827E-1    1.161E-3
3.420E-1    1.426E-3
3.007E-1    1.780E-3
2.588E-1    2.230E-3
2.164E-1    2.773E-3
1.736E-1    3.398E-3
1.305E-1    4.079E-3
8.716E-2    4.782E-3
4.362E-2    5.471E-3
6.123E-17   6.113E-3
-4.362E-2   6.701E-3
-8.716E-2   7.264E-3
-1.305E-1   7.899E-3
-1.736E-1   8.782E-3
-2.164E-1   1.019E-2
-2.588E-1   1.247E-2
-3.007E-1   1.608E-2
-3.420E-1   2.144E-2
-3.827E-1   2.892E-2
-4.226E-1   3.868E-2
-4.617E-1   5.053E-2
-5.000E-1   6.386E-2
-5.373E-1   7.754E-2
-5.736E-1   9.005E-2
-6.088E-1   9.983E-2
-6.428E-1   1.059E-1
-6.756E-1   1.089E-1
-7.071E-1   1.125E-1
-7.373E-1   1.255E-1
-7.660E-1   1.635E-1
-7.934E-1   2.509E-1
-8.192E-1   4.221E-1
-8.434E-1   7.213E-1
-8.660E-1   1.200E0
-8.870E-1   1.913E0
-9.063E-1   2.910E0
-9.239E-1   4.226E0
-9.397E-1   5.869E0
-9.537E-1   7.810E0
-9.659E-1   9.978E0
-9.763E-1   1.225E1
-9.848E-1   1.448E1
-9.914E-1   1.647E1
-9.962E-1   1.806E1
-9.990E-1   1.908E1
-1.000E0    1.944E1
ENDF/B-VII.1 Angular Distribution of Neutrons: 7-N-14(n,elastic)
Incident Neutron Energy: 6.500000E+7 eV
  
Cosine Value    Normalized Probability
1.000E0     1.327E-4
9.990E-1    1.306E-4
9.962E-1    1.247E-4
9.914E-1    1.157E-4
9.848E-1    1.048E-4
9.763E-1    9.364E-5
9.659E-1    8.372E-5
9.537E-1    7.665E-5
9.397E-1    7.387E-5
9.239E-1    7.654E-5
9.063E-1    8.551E-5
8.870E-1    1.012E-4
8.660E-1    1.238E-4
8.434E-1    1.529E-4
8.192E-1    1.878E-4
7.934E-1    2.276E-4
7.660E-1    2.709E-4
7.373E-1    3.159E-4
7.071E-1    3.607E-4
6.756E-1    4.030E-4
6.428E-1    4.408E-4
6.088E-1    4.721E-4
5.736E-1    4.965E-4
5.373E-1    5.148E-4
5.000E-1    5.307E-4
4.617E-1    5.512E-4
4.226E-1    5.868E-4
3.827E-1    6.522E-4
3.420E-1    7.656E-4
3.007E-1    9.468E-4
2.588E-1    1.215E-3
2.164E-1    1.585E-3
1.736E-1    2.063E-3
1.305E-1    2.643E-3
8.716E-2    3.304E-3
4.362E-2    4.007E-3
6.123E-17   4.704E-3
-4.362E-2   5.347E-3
-8.716E-2   5.901E-3
-1.305E-1   6.374E-3
-1.736E-1   6.845E-3
-2.164E-1   7.491E-3
-2.588E-1   8.611E-3
-3.007E-1   1.063E-2
-3.420E-1   1.405E-2
-3.827E-1   1.942E-2
-4.226E-1   2.718E-2
-4.617E-1   3.750E-2
-5.000E-1   5.012E-2
-5.373E-1   6.417E-2
-5.736E-1   7.814E-2
-6.088E-1   9.001E-2
-6.428E-1   9.781E-2
-6.756E-1   1.006E-1
-7.071E-1   9.983E-2
-7.373E-1   1.018E-1
-7.660E-1   1.200E-1
-7.934E-1   1.775E-1
-8.192E-1   3.096E-1
-8.434E-1   5.642E-1
-8.660E-1   1.001E0
-8.870E-1   1.685E0
-9.063E-1   2.681E0
-9.239E-1   4.040E0
-9.397E-1   5.784E0
-9.537E-1   7.892E0
-9.659E-1   1.029E1
-9.763E-1   1.285E1
-9.848E-1   1.539E1
-9.914E-1   1.769E1
-9.962E-1   1.953E1
-9.990E-1   2.072E1
-1.000E0    2.114E1
ENDF/B-VII.1 Angular Distribution of Neutrons: 7-N-14(n,elastic)
Incident Neutron Energy: 7.000000E+7 eV
  
Cosine Value    Normalized Probability
1.000E0     1.092E-5
9.990E-1    1.083E-5
9.962E-1    1.058E-5
9.914E-1    1.018E-5
9.848E-1    9.669E-6
9.763E-1    9.083E-6
9.659E-1    8.438E-6
9.537E-1    7.751E-6
9.397E-1    7.043E-6
9.239E-1    6.363E-6
9.063E-1    5.788E-6
8.870E-1    5.434E-6
8.660E-1    5.448E-6
8.434E-1    6.022E-6
8.192E-1    7.399E-6
7.934E-1    9.868E-6
7.660E-1    1.374E-5
7.373E-1    1.930E-5
7.071E-1    2.673E-5
6.756E-1    3.607E-5
6.428E-1    4.720E-5
6.088E-1    5.975E-5
5.736E-1    7.315E-5
5.373E-1    8.664E-5
5.000E-1    9.940E-5
4.617E-1    1.108E-4
4.226E-1    1.209E-4
3.827E-1    1.306E-4
3.420E-1    1.425E-4
3.007E-1    1.613E-4
2.588E-1    1.936E-4
2.164E-1    2.487E-4
1.736E-1    3.371E-4
1.305E-1    4.699E-4
8.716E-2    6.564E-4
4.362E-2    9.017E-4
6.123E-17   1.204E-3
-4.362E-2   1.554E-3
-8.716E-2   1.933E-3
-1.305E-1   2.323E-3
-1.736E-1   2.709E-3
-2.164E-1   3.105E-3
-2.588E-1   3.568E-3
-3.007E-1   4.232E-3
-3.420E-1   5.323E-3
-3.827E-1   7.176E-3
-4.226E-1   1.021E-2
-4.617E-1   1.490E-2
-5.000E-1   2.162E-2
-5.373E-1   3.057E-2
-5.736E-1   4.158E-2
-6.088E-1   5.400E-2
-6.428E-1   6.676E-2
-6.756E-1   7.876E-2
-7.071E-1   8.971E-2
-7.373E-1   1.018E-1
-7.660E-1   1.219E-1
-7.934E-1   1.654E-1
-8.192E-1   2.596E-1
-8.434E-1   4.474E-1
-8.660E-1   7.902E-1
-8.870E-1   1.367E0
-9.063E-1   2.268E0
-9.239E-1   3.584E0
-9.397E-1   5.387E0
-9.537E-1   7.700E0
-9.659E-1   1.048E1
-9.763E-1   1.360E1
-9.848E-1   1.682E1
-9.914E-1   1.983E1
-9.962E-1   2.232E1
-9.990E-1   2.395E1
-1.000E0    2.453E1
ENDF/B-VII.1 Angular Distribution of Neutrons: 7-N-14(n,elastic)
Incident Neutron Energy: 7.500000E+7 eV
  
Cosine Value    Normalized Probability
1.000E0     4.357E-6
9.990E-1    4.371E-6
9.962E-1    4.410E-6
9.914E-1    4.467E-6
9.848E-1    4.531E-6
9.763E-1    4.588E-6
9.659E-1    4.628E-6
9.537E-1    4.641E-6
9.397E-1    4.611E-6
9.239E-1    4.523E-6
9.063E-1    4.361E-6
8.870E-1    4.134E-6
8.660E-1    3.886E-6
8.434E-1    3.709E-6
8.192E-1    3.750E-6
7.934E-1    4.202E-6
7.660E-1    5.312E-6
7.373E-1    7.369E-6
7.071E-1    1.069E-5
6.756E-1    1.555E-5
6.428E-1    2.214E-5
6.088E-1    3.052E-5
5.736E-1    4.054E-5
5.373E-1    5.182E-5
5.000E-1    6.380E-5
4.617E-1    7.576E-5
4.226E-1    8.701E-5
3.827E-1    9.720E-5
3.420E-1    1.067E-4
3.007E-1    1.173E-4
2.588E-1    1.324E-4
2.164E-1    1.577E-4
1.736E-1    2.013E-4
1.305E-1    2.731E-4
8.716E-2    3.843E-4
4.362E-2    5.450E-4
6.123E-17   7.619E-4
-4.362E-2   1.035E-3
-8.716E-2   1.358E-3
-1.305E-1   1.715E-3
-1.736E-1   2.088E-3
-2.164E-1   2.465E-3
-2.588E-1   2.862E-3
-3.007E-1   3.344E-3
-3.420E-1   4.053E-3
-3.827E-1   5.239E-3
-4.226E-1   7.260E-3
-4.617E-1   1.057E-2
-5.000E-1   1.563E-2
-5.373E-1   2.282E-2
-5.736E-1   3.224E-2
-6.088E-1   4.354E-2
-6.428E-1   5.584E-2
-6.756E-1   6.795E-2
-7.071E-1   7.893E-2
-7.373E-1   8.953E-2
-7.660E-1   1.046E-1
-7.934E-1   1.363E-1
-8.192E-1   2.092E-1
-8.434E-1   3.645E-1
-8.660E-1   6.645E-1
-8.870E-1   1.194E0
-9.063E-1   2.054E0
-9.239E-1   3.356E0
-9.397E-1   5.191E0
-9.537E-1   7.610E0
-9.659E-1   1.058E1
-9.763E-1   1.398E1
-9.848E-1   1.754E1
-9.914E-1   2.093E1
-9.962E-1   2.374E1
-9.990E-1   2.561E1
-1.000E0    2.626E1
ENDF/B-VII.1 Angular Distribution of Neutrons: 7-N-14(n,elastic)
Incident Neutron Energy: 8.000000E+7 eV
  
Cosine Value    Normalized Probability
1.000E0     1.305E-6
9.990E-1    1.331E-6
9.962E-1    1.408E-6
9.914E-1    1.537E-6
9.848E-1    1.717E-6
9.763E-1    1.941E-6
9.659E-1    2.196E-6
9.537E-1    2.461E-6
9.397E-1    2.710E-6
9.239E-1    2.916E-6
9.063E-1    3.058E-6
8.870E-1    3.118E-6
8.660E-1    3.089E-6
8.434E-1    2.980E-6
8.192E-1    2.835E-6
7.934E-1    2.746E-6
7.660E-1    2.852E-6
7.373E-1    3.345E-6
7.071E-1    4.462E-6
6.756E-1    6.473E-6
6.428E-1    9.668E-6
6.088E-1    1.431E-5
5.736E-1    2.055E-5
5.373E-1    2.842E-5
5.000E-1    3.774E-5
4.617E-1    4.812E-5
4.226E-1    5.900E-5
3.827E-1    6.974E-5
3.420E-1    7.989E-5
3.007E-1    8.952E-5
2.588E-1    9.977E-5
2.164E-1    1.134E-4
1.736E-1    1.352E-4
1.305E-1    1.725E-4
8.716E-2    2.346E-4
4.362E-2    3.324E-4
6.123E-17   4.765E-4
-4.362E-2   6.744E-4
-8.716E-2   9.282E-4
-1.305E-1   1.232E-3
-1.736E-1   1.573E-3
-2.164E-1   1.936E-3
-2.588E-1   2.312E-3
-3.007E-1   2.724E-3
-3.420E-1   3.249E-3
-3.827E-1   4.052E-3
-4.226E-1   5.409E-3
-4.617E-1   7.715E-3
-5.000E-1   1.145E-2
-5.373E-1   1.708E-2
-5.736E-1   2.492E-2
-6.088E-1   3.491E-2
-6.428E-1   4.647E-2
-6.756E-1   5.850E-2
-7.071E-1   6.973E-2
-7.373E-1   7.989E-2
-7.660E-1   9.183E-2
-7.934E-1   1.150E-1
-8.192E-1   1.705E-1
-8.434E-1   2.969E-1
-8.660E-1   5.558E-1
-8.870E-1   1.036E0
-9.063E-1   1.849E0
-9.239E-1   3.123E0
-9.397E-1   4.975E0
-9.537E-1   7.482E0
-9.659E-1   1.063E1
-9.763E-1   1.430E1
-9.848E-1   1.822E1
-9.914E-1   2.199E1
-9.962E-1   2.515E1
-9.990E-1   2.727E1
-1.000E0    2.801E1
ENDF/B-VII.1 Angular Distribution of Neutrons: 7-N-14(n,elastic)
Incident Neutron Energy: 8.500000E+7 eV
  
Cosine Value    Normalized Probability
1.000E0     2.245E-7
9.990E-1    2.423E-7
9.962E-1    2.961E-7
9.914E-1    3.874E-7
9.848E-1    5.190E-7
9.763E-1    6.929E-7
9.659E-1    9.061E-7
9.537E-1    1.148E-6
9.397E-1    1.401E-6
9.239E-1    1.652E-6
9.063E-1    1.885E-6
8.870E-1    2.086E-6
8.660E-1    2.235E-6
8.434E-1    2.310E-6
8.192E-1    2.304E-6
7.934E-1    2.238E-6
7.660E-1    2.167E-6
7.373E-1    2.183E-6
7.071E-1    2.417E-6
6.756E-1    3.049E-6
6.428E-1    4.312E-6
6.088E-1    6.476E-6
5.736E-1    9.807E-6
5.373E-1    1.452E-5
5.000E-1    2.072E-5
4.617E-1    2.838E-5
4.226E-1    3.731E-5
3.827E-1    4.710E-5
3.420E-1    5.723E-5
3.007E-1    6.721E-5
2.588E-1    7.699E-5
2.164E-1    8.740E-5
1.736E-1    1.007E-4
1.305E-1    1.211E-4
8.716E-2    1.552E-4
4.362E-2    2.121E-4
6.123E-17   3.022E-4
-4.362E-2   4.364E-4
-8.716E-2   6.228E-4
-1.305E-1   8.645E-4
-1.736E-1   1.157E-3
-2.164E-1   1.490E-3
-2.588E-1   1.849E-3
-3.007E-1   2.235E-3
-3.420E-1   2.680E-3
-3.827E-1   3.282E-3
-4.226E-1   4.234E-3
-4.617E-1   5.854E-3
-5.000E-1   8.576E-3
-5.373E-1   1.290E-2
-5.736E-1   1.928E-2
-6.088E-1   2.789E-2
-6.428E-1   3.848E-2
-6.756E-1   5.016E-2
-7.071E-1   6.161E-2
-7.373E-1   7.189E-2
-7.660E-1   8.226E-2
-7.934E-1   9.957E-2
-8.192E-1   1.414E-1
-8.434E-1   2.426E-1
-8.660E-1   4.632E-1
-8.870E-1   8.934E-1
-9.063E-1   1.655E0
-9.239E-1   2.891E0
-9.397E-1   4.745E0
-9.537E-1   7.321E0
-9.659E-1   1.064E1
-9.763E-1   1.458E1
-9.848E-1   1.885E1
-9.914E-1   2.302E1
-9.962E-1   2.656E1
-9.990E-1   2.893E1
-1.000E0    2.977E1
ENDF/B-VII.1 Angular Distribution of Neutrons: 7-N-14(n,elastic)
Incident Neutron Energy: 9.000000E+7 eV
  
Cosine Value    Normalized Probability
1.000E0     5.947E-9
9.990E-1    1.315E-8
9.962E-1    3.602E-8
9.914E-1    7.715E-8
9.848E-1    1.389E-7
9.763E-1    2.231E-7
9.659E-1    3.327E-7
9.537E-1    4.706E-7
9.397E-1    6.376E-7
9.239E-1    8.285E-7
9.063E-1    1.031E-6
8.870E-1    1.232E-6
8.660E-1    1.416E-6
8.434E-1    1.573E-6
8.192E-1    1.690E-6
7.934E-1    1.758E-6
7.660E-1    1.774E-6
7.373E-1    1.763E-6
7.071E-1    1.781E-6
6.756E-1    1.923E-6
6.428E-1    2.323E-6
6.088E-1    3.166E-6
5.736E-1    4.680E-6
5.373E-1    7.128E-6
5.000E-1    1.076E-5
4.617E-1    1.574E-5
4.226E-1    2.216E-5
3.827E-1    2.991E-5
3.420E-1    3.874E-5
3.007E-1    4.824E-5
2.588E-1    5.803E-5
2.164E-1    6.798E-5
1.736E-1    7.876E-5
1.305E-1    9.235E-5
8.716E-2    1.126E-4
4.362E-2    1.458E-4
6.123E-17   2.005E-4
-4.362E-2   2.871E-4
-8.716E-2   4.165E-4
-1.305E-1   5.972E-4
-1.736E-1   8.331E-4
-2.164E-1   1.121E-3
-2.588E-1   1.452E-3
-3.007E-1   1.819E-3
-3.420E-1   2.229E-3
-3.827E-1   2.733E-3
-4.226E-1   3.455E-3
-4.617E-1   4.630E-3
-5.000E-1   6.623E-3
-5.373E-1   9.911E-3
-5.736E-1   1.500E-2
-6.088E-1   2.227E-2
-6.428E-1   3.173E-2
-6.756E-1   4.281E-2
-7.071E-1   5.431E-2
-7.373E-1   6.493E-2
-7.660E-1   7.475E-2
-7.934E-1   8.829E-2
-8.192E-1   1.196E-1
-8.434E-1   1.998E-1
-8.660E-1   3.855E-1
-8.870E-1   7.672E-1
-9.063E-1   1.473E0
-9.239E-1   2.663E0
-9.397E-1   4.504E0
-9.537E-1   7.134E0
-9.659E-1   1.060E1
-9.763E-1   1.480E1
-9.848E-1   1.944E1
-9.914E-1   2.402E1
-9.962E-1   2.795E1
-9.990E-1   3.060E1
-1.000E0    3.155E1
ENDF/B-VII.1 Angular Distribution of Neutrons: 7-N-14(n,elastic)
Incident Neutron Energy: 9.500000E+7 eV
  
Cosine Value    Normalized Probability
1.000E0     2.792E-8
9.990E-1    2.936E-8
9.962E-1    3.402E-8
9.914E-1    4.323E-8
9.848E-1    5.973E-8
9.763E-1    8.732E-8
9.659E-1    1.296E-7
9.537E-1    1.892E-7
9.397E-1    2.681E-7
9.239E-1    3.686E-7
9.063E-1    4.920E-7
8.870E-1    6.366E-7
8.660E-1    7.949E-7
8.434E-1    9.556E-7
8.192E-1    1.107E-6
7.934E-1    1.238E-6
7.660E-1    1.341E-6
7.373E-1    1.410E-6
7.071E-1    1.454E-6
6.756E-1    1.501E-6
6.428E-1    1.617E-6
6.088E-1    1.906E-6
5.736E-1    2.516E-6
5.373E-1    3.642E-6
5.000E-1    5.519E-6
4.617E-1    8.400E-6
4.226E-1    1.251E-5
3.827E-1    1.798E-5
3.420E-1    2.481E-5
3.007E-1    3.288E-5
2.588E-1    4.188E-5
2.164E-1    5.152E-5
1.736E-1    6.172E-5
1.305E-1    7.308E-5
8.716E-2    8.743E-5
4.362E-2    1.085E-4
6.123E-17   1.421E-4
-4.362E-2   1.969E-4
-8.716E-2   2.832E-4
-1.305E-1   4.118E-4
-1.736E-1   5.918E-4
-2.164E-1   8.277E-4
-2.588E-1   1.118E-3
-3.007E-1   1.457E-3
-3.420E-1   1.843E-3
-3.827E-1   2.299E-3
-4.226E-1   2.898E-3
-4.617E-1   3.801E-3
-5.000E-1   5.294E-3
-5.373E-1   7.795E-3
-5.736E-1   1.182E-2
-6.088E-1   1.784E-2
-6.428E-1   2.612E-2
-6.756E-1   3.638E-2
-7.071E-1   4.768E-2
-7.373E-1   5.864E-2
-7.660E-1   6.853E-2
-7.934E-1   7.992E-2
-8.192E-1   1.036E-1
-8.434E-1   1.665E-1
-8.660E-1   3.210E-1
-8.870E-1   6.565E-1
-9.063E-1   1.306E0
-9.239E-1   2.441E0
-9.397E-1   4.257E0
-9.537E-1   6.925E0
-9.659E-1   1.053E1
-9.763E-1   1.498E1
-9.848E-1   1.998E1
-9.914E-1   2.499E1
-9.962E-1   2.933E1
-9.990E-1   3.229E1
-1.000E0    3.334E1
ENDF/B-VII.1 Angular Distribution of Neutrons: 7-N-14(n,elastic)
Incident Neutron Energy: 1.000000E+8 eV
  
Cosine Value    Normalized Probability
1.000E0     6.270E-8
9.990E-1    6.171E-8
9.962E-1    5.928E-8
9.914E-1    5.665E-8
9.848E-1    5.546E-8
9.763E-1    5.767E-8
9.659E-1    6.584E-8
9.537E-1    8.316E-8
9.397E-1    1.129E-7
9.239E-1    1.575E-7
9.063E-1    2.187E-7
8.870E-1    2.982E-7
8.660E-1    3.971E-7
8.434E-1    5.148E-7
8.192E-1    6.466E-7
7.934E-1    7.838E-7
7.660E-1    9.162E-7
7.373E-1    1.035E-6
7.071E-1    1.134E-6
6.756E-1    1.215E-6
6.428E-1    1.293E-6
6.088E-1    1.411E-6
5.736E-1    1.650E-6
5.373E-1    2.130E-6
5.000E-1    3.020E-6
4.617E-1    4.532E-6
4.226E-1    6.909E-6
3.827E-1    1.039E-5
3.420E-1    1.517E-5
3.007E-1    2.133E-5
2.588E-1    2.883E-5
2.164E-1    3.750E-5
1.736E-1    4.713E-5
1.305E-1    5.772E-5
8.716E-2    6.989E-5
4.362E-2    8.541E-5
6.123E-17   1.079E-4
-4.362E-2   1.432E-4
-8.716E-2   1.999E-4
-1.305E-1   2.883E-4
-1.736E-1   4.196E-4
-2.164E-1   6.033E-4
-2.588E-1   8.451E-4
-3.007E-1   1.146E-3
-3.420E-1   1.504E-3
-3.827E-1   1.929E-3
-4.226E-1   2.461E-3
-4.617E-1   3.205E-3
-5.000E-1   4.370E-3
-5.373E-1   6.302E-3
-5.736E-1   9.472E-3
-6.088E-1   1.441E-2
-6.428E-1   2.152E-2
-6.756E-1   3.082E-2
-7.071E-1   4.168E-2
-7.373E-1   5.283E-2
-7.660E-1   6.307E-2
-7.934E-1   7.346E-2
-8.192E-1   9.191E-2
-8.434E-1   1.409E-1
-8.660E-1   2.683E-1
-8.870E-1   5.603E-1
-9.063E-1   1.152E0
-9.239E-1   2.229E0
-9.397E-1   4.008E0
-9.537E-1   6.697E0
-9.659E-1   1.042E1
-9.763E-1   1.511E1
-9.848E-1   2.048E1
-9.914E-1   2.593E1
-9.962E-1   3.070E1
-9.990E-1   3.398E1
-1.000E0    3.515E1
ENDF/B-VII.1 Angular Distribution of Neutrons: 7-N-14(n,elastic)
Incident Neutron Energy: 1.100000E+8 eV
  
Cosine Value    Normalized Probability
1.000E0     4.890E-8
9.990E-1    4.851E-8
9.962E-1    4.697E-8
9.914E-1    4.437E-8
9.848E-1    4.140E-8
9.763E-1    3.826E-8
9.659E-1    3.541E-8
9.537E-1    3.379E-8
9.397E-1    3.422E-8
9.239E-1    3.793E-8
9.063E-1    4.661E-8
8.870E-1    6.207E-8
8.660E-1    8.680E-8
8.434E-1    1.234E-7
8.192E-1    1.737E-7
7.934E-1    2.393E-7
7.660E-1    3.214E-7
7.373E-1    4.194E-7
7.071E-1    5.308E-7
6.756E-1    6.502E-7
6.428E-1    7.720E-7
6.088E-1    8.936E-7
5.736E-1    1.019E-6
5.373E-1    1.169E-6
5.000E-1    1.388E-6
4.617E-1    1.761E-6
4.226E-1    2.420E-6
3.827E-1    3.544E-6
3.420E-1    5.360E-6
3.007E-1    8.131E-6
2.588E-1    1.212E-5
2.164E-1    1.755E-5
1.736E-1    2.456E-5
1.305E-1    3.320E-5
8.716E-2    4.347E-5
4.362E-2    5.556E-5
6.123E-17   7.019E-5
-4.362E-2   8.922E-5
-8.716E-2   1.164E-4
-1.305E-1   1.577E-4
-1.736E-1   2.223E-4
-2.164E-1   3.216E-4
-2.588E-1   4.684E-4
-3.007E-1   6.751E-4
-3.420E-1   9.522E-4
-3.827E-1   1.309E-3
-4.226E-1   1.764E-3
-4.617E-1   2.357E-3
-5.000E-1   3.190E-3
-5.373E-1   4.458E-3
-5.736E-1   6.496E-3
-6.088E-1   9.775E-3
-6.428E-1   1.483E-2
-6.756E-1   2.208E-2
-7.071E-1   3.150E-2
-7.373E-1   4.237E-2
-7.660E-1   5.336E-2
-7.934E-1   6.371E-2
-8.192E-1   7.672E-2
-8.434E-1   1.068E-1
-8.660E-1   1.914E-1
-8.870E-1   4.072E-1
-9.063E-1   8.880E-1
-9.239E-1   1.836E0
-9.397E-1   3.514E0
-9.537E-1   6.200E0
-9.659E-1   1.011E1
-9.763E-1   1.526E1
-9.848E-1   2.135E1
-9.914E-1   2.774E1
-9.962E-1   3.344E1
-9.990E-1   3.741E1
-1.000E0    3.884E1
ENDF/B-VII.1 Angular Distribution of Neutrons: 7-N-14(n,elastic)
Incident Neutron Energy: 1.200000E+8 eV
  
Cosine Value    Normalized Probability
1.000E0     1.242E-8
9.990E-1    1.403E-8
9.962E-1    1.486E-8
9.914E-1    1.384E-8
9.848E-1    1.467E-8
9.763E-1    1.530E-8
9.659E-1    1.515E-8
9.537E-1    1.660E-8
9.397E-1    1.777E-8
9.239E-1    1.869E-8
9.063E-1    2.120E-8
8.870E-1    2.392E-8
8.660E-1    2.809E-8
8.434E-1    3.578E-8
8.192E-1    4.695E-8
7.934E-1    6.469E-8
7.660E-1    9.184E-8
7.373E-1    1.295E-7
7.071E-1    1.820E-7
6.756E-1    2.525E-7
6.428E-1    3.413E-7
6.088E-1    4.501E-7
5.736E-1    5.774E-7
5.373E-1    7.210E-7
5.000E-1    8.824E-7
4.617E-1    1.069E-6
4.226E-1    1.310E-6
3.827E-1    1.668E-6
3.420E-1    2.250E-6
3.007E-1    3.223E-6
2.588E-1    4.829E-6
2.164E-1    7.373E-6
1.736E-1    1.121E-5
1.305E-1    1.671E-5
8.716E-2    2.420E-5
4.362E-2    3.393E-5
6.123E-17   4.607E-5
-4.362E-2   6.093E-5
-8.716E-2   7.931E-5
-1.305E-1   1.033E-4
-1.736E-1   1.369E-4
-2.164E-1   1.874E-4
-2.588E-1   2.658E-4
-3.007E-1   3.873E-4
-3.420E-1   5.702E-4
-3.827E-1   8.354E-4
-4.226E-1   1.206E-3
-4.617E-1   1.711E-3
-5.000E-1   2.404E-3
-5.373E-1   3.384E-3
-5.736E-1   4.846E-3
-6.088E-1   7.119E-3
-6.428E-1   1.067E-2
-6.756E-1   1.606E-2
-7.071E-1   2.367E-2
-7.373E-1   3.344E-2
-7.660E-1   4.452E-2
-7.934E-1   5.568E-2
-8.192E-1   6.740E-2
-8.434E-1   8.762E-2
-8.660E-1   1.431E-1
-8.870E-1   2.978E-1
-9.063E-1   6.773E-1
-9.239E-1   1.491E0
-9.397E-1   3.037E0
-9.537E-1   5.668E0
-9.659E-1   9.700E0
-9.763E-1   1.525E1
-9.848E-1   2.208E1
-9.914E-1   2.944E1
-9.962E-1   3.616E1
-9.990E-1   4.092E1
-1.000E0    4.264E1
ENDF/B-VII.1 Angular Distribution of Neutrons: 7-N-14(n,elastic)
Incident Neutron Energy: 1.300000E+8 eV
  
Cosine Value    Normalized Probability
1.000E0     2.932E-10
9.990E-1    5.295E-10
9.962E-1    5.848E-9
9.914E-1    2.932E-10
9.848E-1    2.721E-9
9.763E-1    4.916E-9
9.659E-1    1.183E-9
9.537E-1    6.085E-9
9.397E-1    7.890E-9
9.239E-1    6.840E-9
9.063E-1    1.302E-8
8.870E-1    1.490E-8
8.660E-1    1.590E-8
8.434E-1    2.253E-8
8.192E-1    2.408E-8
7.934E-1    2.697E-8
7.660E-1    3.548E-8
7.373E-1    4.151E-8
7.071E-1    5.540E-8
6.756E-1    8.088E-8
6.428E-1    1.140E-7
6.088E-1    1.688E-7
5.736E-1    2.481E-7
5.373E-1    3.501E-7
5.000E-1    4.872E-7
4.617E-1    6.546E-7
4.226E-1    8.475E-7
3.827E-1    1.077E-6
3.420E-1    1.351E-6
3.007E-1    1.721E-6
2.588E-1    2.302E-6
2.164E-1    3.275E-6
1.736E-1    4.937E-6
1.305E-1    7.706E-6
8.716E-2    1.209E-5
4.362E-2    1.864E-5
6.123E-17   2.789E-5
-4.362E-2   4.017E-5
-8.716E-2   5.568E-5
-1.305E-1   7.456E-5
-1.736E-1   9.754E-5
-2.164E-1   1.270E-4
-2.588E-1   1.685E-4
-3.007E-1   2.328E-4
-3.420E-1   3.373E-4
-3.827E-1   5.074E-4
-4.226E-1   7.757E-4
-4.617E-1   1.181E-3
-5.000E-1   1.771E-3
-5.373E-1   2.609E-3
-5.736E-1   3.801E-3
-6.088E-1   5.538E-3
-6.428E-1   8.146E-3
-6.756E-1   1.210E-2
-7.071E-1   1.797E-2
-7.373E-1   2.615E-2
-7.660E-1   3.649E-2
-7.934E-1   4.810E-2
-8.192E-1   6.026E-2
-8.434E-1   7.638E-2
-8.660E-1   1.138E-1
-8.870E-1   2.225E-1
-9.063E-1   5.140E-1
-9.239E-1   1.195E0
-9.397E-1   2.589E0
-9.537E-1   5.119E0
-9.659E-1   9.211E0
-9.763E-1   1.511E1
-9.848E-1   2.265E1
-9.914E-1   3.104E1
-9.962E-1   3.888E1
-9.990E-1   4.451E1
-1.000E0    4.657E1
ENDF/B-VII.1 Angular Distribution of Neutrons: 7-N-14(n,elastic)
Incident Neutron Energy: 1.400000E+8 eV
  
Cosine Value    Normalized Probability
1.000E0     3.330E-10
9.990E-1    3.330E-10
9.962E-1    1.732E-8
9.914E-1    3.330E-10
9.848E-1    2.479E-9
9.763E-1    9.223E-9
9.659E-1    3.330E-10
9.537E-1    5.831E-9
9.397E-1    6.928E-9
9.239E-1    3.330E-10
9.063E-1    1.144E-8
8.870E-1    9.660E-9
8.660E-1    3.901E-9
8.434E-1    2.129E-8
8.192E-1    1.740E-8
7.934E-1    1.640E-8
7.660E-1    3.214E-8
7.373E-1    2.470E-8
7.071E-1    2.643E-8
6.756E-1    4.026E-8
6.428E-1    3.541E-8
6.088E-1    5.282E-8
5.736E-1    8.812E-8
5.373E-1    1.238E-7
5.000E-1    2.071E-7
4.617E-1    3.245E-7
4.226E-1    4.667E-7
3.827E-1    6.730E-7
3.420E-1    9.075E-7
3.007E-1    1.161E-6
2.588E-1    1.481E-6
2.164E-1    1.886E-6
1.736E-1    2.527E-6
1.305E-1    3.702E-6
8.716E-2    5.804E-6
4.362E-2    9.472E-6
6.123E-17   1.547E-5
-4.362E-2   2.453E-5
-8.716E-2   3.723E-5
-1.305E-1   5.372E-5
-1.736E-1   7.361E-5
-2.164E-1   9.655E-5
-2.588E-1   1.233E-4
-3.007E-1   1.582E-4
-3.420E-1   2.121E-4
-3.827E-1   3.062E-4
-4.226E-1   4.751E-4
-4.617E-1   7.668E-4
-5.000E-1   1.240E-3
-5.373E-1   1.960E-3
-5.736E-1   3.003E-3
-6.088E-1   4.474E-3
-6.428E-1   6.555E-3
-6.756E-1   9.570E-3
-7.071E-1   1.402E-2
-7.373E-1   2.053E-2
-7.660E-1   2.950E-2
-7.934E-1   4.077E-2
-8.192E-1   5.356E-2
-8.434E-1   6.871E-2
-8.660E-1   9.612E-2
-8.870E-1   1.721E-1
-9.063E-1   3.907E-1
-9.239E-1   9.469E-1
-9.397E-1   2.178E0
-9.537E-1   4.567E0
-9.659E-1   8.659E0
-9.763E-1   1.485E1
-9.848E-1   2.309E1
-9.914E-1   3.254E1
-9.962E-1   4.160E1
-9.990E-1   4.822E1
-1.000E0    5.066E1
ENDF/B-VII.1 Angular Distribution of Neutrons: 7-N-14(n,elastic)
Incident Neutron Energy: 1.500000E+8 eV
  
Cosine Value    Normalized Probability
1.000E0     3.749E-10
9.990E-1    3.749E-10
9.962E-1    5.538E-8
9.914E-1    3.749E-10
9.848E-1    7.255E-9
9.763E-1    2.868E-8
9.659E-1    3.749E-10
9.537E-1    1.508E-8
9.397E-1    1.605E-8
9.239E-1    3.749E-10
9.063E-1    2.147E-8
8.870E-1    9.372E-9
8.660E-1    3.749E-10
8.434E-1    3.102E-8
8.192E-1    1.017E-8
7.934E-1    3.749E-10
7.660E-1    4.470E-8
7.373E-1    1.649E-8
7.071E-1    1.757E-8
6.756E-1    5.352E-8
6.428E-1    1.621E-8
6.088E-1    2.628E-8
5.736E-1    5.449E-8
5.373E-1    2.521E-8
5.000E-1    7.321E-8
4.617E-1    1.403E-7
4.226E-1    1.891E-7
3.827E-1    3.558E-7
3.420E-1    5.462E-7
3.007E-1    7.436E-7
2.588E-1    1.051E-6
2.164E-1    1.337E-6
1.736E-1    1.655E-6
1.305E-1    2.197E-6
8.716E-2    3.072E-6
4.362E-2    4.821E-6
6.123E-17   8.210E-6
-4.362E-2   1.401E-5
-8.716E-2   2.333E-5
-1.305E-1   3.692E-5
-1.736E-1   5.469E-5
-2.164E-1   7.587E-5
-2.588E-1   9.891E-5
-3.007E-1   1.230E-4
-3.420E-1   1.518E-4
-3.827E-1   1.976E-4
-4.226E-1   2.881E-4
-4.617E-1   4.710E-4
-5.000E-1   8.143E-4
-5.373E-1   1.400E-3
-5.736E-1   2.311E-3
-6.088E-1   3.626E-3
-6.428E-1   5.435E-3
-6.756E-1   7.903E-3
-7.071E-1   1.136E-2
-7.373E-1   1.639E-2
-7.660E-1   2.372E-2
-7.934E-1   3.388E-2
-8.192E-1   4.673E-2
-8.434E-1   6.213E-2
-8.660E-1   8.484E-2
-8.870E-1   1.391E-1
-9.063E-1   2.997E-1
-9.239E-1   7.430E-1
-9.397E-1   1.807E0
-9.537E-1   4.023E0
-9.659E-1   8.055E0
-9.763E-1   1.448E1
-9.848E-1   2.338E1
-9.914E-1   3.396E1
-9.962E-1   4.435E1
-9.990E-1   5.208E1
-1.000E0    5.494E1
